#generated by getgt
#debug
#water
#ICAO 46.746894049 19.606793971

#airport traktor 1
route 20 0 0 Objects/Vehicles/tracteur_1.obj
46.746894049 19.606793971
46.748592115 19.609932541
46.748564891 19.610071592
46.748503638 19.610111320
46.746774947 19.606928049
46.746686470 19.606977710
46.746669456 19.607037303
46.748404953 19.610170914
46.748394745 19.610329829
46.748302865 19.610349693
46.746601397 19.607161456
46.746526532 19.607186286
46.746502712 19.607270710
46.748180360 19.610458952
46.748176957 19.610593037
46.748061257 19.610607935
46.746376803 19.607464385
46.746281521 19.607499163
46.746250894 19.607628280
46.747931945 19.610722135
46.747908125 19.610811524
46.747843469 19.610781728
46.746165821 19.607553787
46.746264506 19.607370045
46.746723903 19.606888338
46.746829394 19.606769153
46.746854466 19.606774120

#airport traktor 2
route 20.0 0 0 Objects/Vehicles/tracteur_3.obj
46.743585558 19.606286251
46.743848013 19.606418299
46.744031343 19.606594129
46.744415875 19.607378722
46.744398860 19.607517763
46.744337607 19.607562455
46.744272951 19.607473071
46.743902031 19.606708342
46.743742093 19.606534540
46.743646811 19.606474951
46.743565140 19.606539506
46.743551529 19.606633855
46.743650214 19.606792760
46.743748899 19.606971528
46.743847584 19.607165193
46.743946269 19.607329064
46.744055163 19.607537626
46.744092596 19.607716394
46.744041551 19.607860402
46.743980299 19.607910059
46.743922449 19.607830607
46.743803346 19.607627010
46.743629796 19.607254577
46.743520902 19.607090707
46.743449440 19.607070843
46.743429023 19.607199954
46.743554932 19.607487969
46.743765914 19.607850470
46.743830569 19.608049101
46.743813555 19.608148417
46.743602573 19.608396701
46.743592831 19.608598578
46.743697223 19.608757808
46.743895768 19.609093976
46.744715360 19.610670847
46.744670733 19.610848359
pause 90
46.744580492 19.610817720
46.744601795 19.610444394
46.743805455 19.608950583
46.743716541 19.608874963
46.743559353 19.608607199
46.743543599 19.608404587
46.743407929 19.608139101
46.743393294 19.607251565
46.743437901 19.606761819
46.743531066 19.606325027

#field_taktor
route 20.0 0 0 Objects/Vehicles/tracteur_1.obj
46.750828915 19.600194246
46.752154368 19.598454701
46.752200311 19.598475876
46.752197948 19.598534507
46.750876947 19.600231382
46.750884037 19.600276218
46.750919484 19.600286565
46.752249938 19.598579343
46.752306653 19.598606935
46.752306653 19.598662118
46.750952568 19.600338299
46.750952568 19.600376237
46.750990378 19.600386584
46.752344464 19.598734545
46.752389363 19.598758688
46.752391727 19.598827667
46.751002194 19.600465909
46.750997468 19.600490052
46.751025826 19.600541786
46.752455532 19.598910441
46.752493342 19.598934577
46.752509884 19.598972516
46.751075452 19.600621120
46.751073089 19.600655609
46.751091994 19.600700446
46.752547694 19.599041495
46.752568963 19.599072536
46.752580779 19.599155311
46.751185732 19.600786095
46.751115625 19.600769425
46.750841500 19.600279672

#field_taktor2
route 20.0 0 0 Objects/Vehicles/tracteur_3.obj
46.750330444 19.607516082
46.751510378 19.605798800
46.751584226 19.605777244
46.751590791 19.605841912
46.751507096 19.605990408
46.750399369 19.607544825
46.750409215 19.607599912
46.750453524 19.607616677
46.751661357 19.605911367
46.751710589 19.605935319
46.751715512 19.605978431
46.750483064 19.607659791
46.750481423 19.607712483
46.750535578 19.607710088
46.751758180 19.606026330
46.751802489 19.606059862
46.751802489 19.606141296
46.750615991 19.607741227
46.750589734 19.607813080
46.750609427 19.607877747
46.750640607 19.607975946
46.750627478 19.608033428
46.750624196 19.608237011
46.750548707 19.608402272
46.750446960 19.608545977
46.750355060 19.608670521
46.750291058 19.608754349
46.750240184 19.608830991
46.750218850 19.608969905
46.750241825 19.609065708
46.750145002 19.609262104
46.750110539 19.609252524
pause 90
46.750120842 19.609192915
46.750198337 19.609129711
46.750246202 19.609049875
46.750233666 19.608836980
46.750605187 19.608303075
46.750623421 19.608018658
46.750332814 19.607592865

#field_traktor3
route 20.0 0 0 Objects/Vehicles/tracteur_3.obj
46.753436757 19.600654691
46.754087098 19.601964937
46.754134976 19.601956202
46.754166894 19.601903792
46.754126996 19.601778590
46.754077123 19.601621361
46.754015281 19.601499071
46.753538498 19.600645955
46.753548472 19.600578986
46.753580391 19.600538223
46.753620289 19.600532400
46.753769907 19.600814831
46.753997327 19.601271961
46.754105052 19.601542746
46.754214772 19.601772767
46.754256665 19.601729092
46.754248686 19.601673771
46.754079118 19.601248668
46.753907556 19.600902181
46.753751953 19.600616838
46.753658192 19.600514930
46.753590365 19.600497460
46.753464686 19.600599368
pause 90

#field_traktor4
route 20.0 0 0 Objects/Vehicles/tracteur_1.obj
46.753114635 19.601214167
46.754533735 19.604014925
46.754608424 19.604102973
46.754637151 19.604044275
46.754625660 19.603998154
46.754275194 19.603272806
46.753172088 19.601235129
46.753166343 19.601180624
46.753195070 19.601151275
46.753229542 19.601201587
46.754674496 19.603981384
46.754720458 19.603964613
46.754717586 19.603918493
46.754073150 19.602572614
46.753572826 19.601615263
46.753335831 19.601171528
46.753249650 19.601087672
46.753132350 19.601150564

#field_traktor5
route 20.0 0 0 Objects/Vehicles/tracteur_1.obj
46.753627196 19.599517445
46.755429797 19.602980014
46.755477675 19.602980014
46.755482463 19.602924109
46.753687043 19.599499963
46.753679862 19.599458035
46.753699013 19.599426589
46.755504008 19.602882189
46.755537523 19.602868213
46.755539916 19.602819296
46.753777153 19.599434181
46.753766812 19.599368773
46.753808178 19.599358711
46.753877122 19.599429149
46.753975365 19.599602721
46.755572581 19.602763298
46.755608489 19.602763298
46.755610883 19.602703899
46.753864299 19.599328121
46.753767777 19.599267745
46.753640230 19.599433780


#field_traktor6
route 20.0 0 0 Objects/Vehicles/tracteur_1.obj
46.755178103 19.603350913
46.753666839 19.600371127
46.753678330 19.600295657
46.753709929 19.600295657
46.755241063 19.603255761
46.755284153 19.603238989
46.755281280 19.603192869
46.753753019 19.600278875
46.753758764 19.600232754
46.753781746 19.600220176
46.755298516 19.603146742
46.755332988 19.603117392
46.755330116 19.603062886
46.753824836 19.600224369
46.753821963 19.600165670
46.753862181 19.600153091
46.755350224 19.602995801
46.755370333 19.603103943
46.755308283 19.603280038

#duck
route 2.0 0 0 Objects/modified_cdb/fauna_duck.obj
46.750038219 19.604162937
46.750300968 19.603878798
46.750395938 19.603846457
46.750409392 19.603869558
46.750392772 19.603938860
46.750403061 19.603994302
46.750390398 19.604034728
46.750266146 19.604180262
46.750123691 19.604308471
46.750102323 19.604340812
46.750076207 19.604315401
46.750081747 19.604283060
46.750217870 19.604139836
46.750273269 19.604073999
46.750320754 19.604060139
46.750354784 19.604020868
46.750374570 19.603919224
46.750354784 19.603908829
46.750327876 19.603919224
46.750319171 19.603986216
46.750309674 19.604025488
46.750287514 19.604026643
46.750255858 19.604017402
46.750212330 19.604040503
46.750161679 19.604082084
46.750108655 19.604150231
46.750062753 19.604192968
46.750041384 19.604214913
46.750027139 19.604201053
46.750022390 19.604182572
46.750027930 19.604175642

#duck2
route 2.0 0 0 Objects/modified_cdb/fauna_duck.obj
46.750046133 19.604168712
46.750132150 19.604084157
46.750201569 19.604003839
46.750246819 19.603962040
46.750295428 19.603908829
46.750368239 19.603882263
46.750383275 19.603883418
46.750386441 19.603906519
46.750379318 19.603950410
46.750380901 19.604007007
46.750347662 19.604064759
46.750183839 19.604219534
46.750115777 19.604298076
46.750096783 19.604320022
46.750088869 19.604305006
46.750210747 19.604165247
46.750323128 19.604076309
46.750361116 19.604025488
46.750379318 19.603907674
46.750361116 19.603899589
46.750331833 19.603905364
46.750303343 19.603945790
46.750259023 19.603994302
46.750208373 19.604024333
46.750098366 19.604136371
46.750042967 19.604198743
46.750035053 19.604190658
46.750037427 19.604175642
