I
1100 Generated by WorldEditor 1.6.0r1

17      0 1 0 BP13 Szent János Kórház
102 H13  47.51036802  019.00110388 142.87 15.40 14.90 2 0 2 0.00 1

17      0 1 0 BP11 Országos Baleseti Intézet
102 H11  47.49728725  019.08160102   5.34 15.50 16.00 2 0 1 0.00 1

17      0 1 0 BP03 Jahn Ferenc Kórház
102 H03  47.42519133  019.13116675 125.65 14.70 18.30 2 0 1 0.00 1

17      0 1 0 BP14 Merényi Gusztáv Kórház
102 H14  47.46572499  019.09958915  53.75 10.10 10.50 2 0 1 0.00 1

17    456 1 0 BP15 Budapest Honvéd Kórház
102 H15  47.53134208  019.07262227 130.47 32.20 29.10 15 0 0 0.00 1

17    393 1 0 BP16 Szent Imre Kórház
102 H7  47.46918881  019.03504766  79.72 21.90 17.20 15 0 0 0.00 1

17      0 1 0 AJKAK Ajka - Magyar Imre Kórház
102 H2  47.11131655  017.56417032   0.00 17.40 17.30 2 0 0 0.00 1

17      0 1 0 DEBKG Debrecen - Kenézy Gyula Kórház
102 H3  47.53353071  021.60512888   1.82 23.40 20.50 2 0 0 0.00 1

17      0 1 0 DEBKL Debrecen - Klinika
102 H4  47.56085934  021.62724151   0.00 21.40 22.90 3 0 0 0.00 1

17      0 1 0 HATVK Hatvan - Albert Schweitzer Kórház
102 H7  47.67189382  019.68133972  17.82 17.70 18.50 2 0 0 0.00 1

17      0 1 0 VACKH Vác Kórház
102 H8  47.78296703  019.14716820  30.82 7.60 8.90 2 0 0 0.00 1

17      0 1 0 KARCAG Karcag Kórház
102 H10  47.32482235  020.91191126 343.47 12.00 12.70 1 0 0 0.00 1

17      0 1 0 KISKK Kiskunhalas - Semmelweis Kórház
102 H12  46.43247763  019.47351085 337.37 13.00 13.30 2 0 0 0.00 1

17      0 1 0 SZOLH Szolnok - Hetényi Géza Kórház
102 H13  47.15573534  020.16839677 319.39 19.80 19.60 2 0 0 0.00 1

17    357 1 0 GYUPK Gyula - Pándy Kálmán Kórház
102 H14  46.64024875  021.27582336  47.61 13.20 15.60 2 0 0 0.00 1

17    574 1 0 KAPSK Kaposvár Kórház
102 H17  46.36013987  017.79852403   0.22 29.50 28.30 2 0 0 0.00 1

17    780 1 0 SZHMK Szombathely - Markusovszky Kórház
102 H20  47.23842333  016.61829564  15.86 16.70 16.40 15 0 0 0.00 1

17    479 1 0 MISKH Miskolc Kórház
102 H26  48.12094075  020.79030397 -20.16 11.80 11.90 2 0 0 0.00 1

17    452 1 0 GYORK Gyõr - Petz Aladár Kórház
102 H28  47.67087187  017.64916426 -302.36 20.30 22.10 2 0 0 0.00 1

17    337 1 0 MOHCS Mohácsi Kórház
102 H29  45.99742829  018.68221218   5.11 15.60 16.20 2 0 0 0.00 1

17    524 1 0 BGYAR Balassagyarmat - Dr. Kenessey Albert Kórház
102 H32  48.07969096  019.30849847 362.77 28.70 38.90 2 0 0 0.00 1
99
