I
1100 Generated by WorldEditor 1.6.0r1

1    282 1 0 LHSN Szolnok Air Base
1302 city Szolnok
1302 country Hungary
1302 datum_lat 47.122777778
1302 datum_lon 20.235555556
1302 icao_code LHSN
1302 region_code LH
1302 state Jász-Nagykun-Szolnok
1302 transition_alt 1300
100 70.00 1 0 0.00 1 1 1 02  47.11446727  020.23084907    0    0 3 1 1 0 20  47.13122956  020.24039128    0    0 3 1 1 0
100 50.00 3 0 0.00 0 0 0 02R  47.11419753  020.23228869    0    0 0 0 0 0 20L  47.13069706  020.24168434    0    0 0 0 0 0
110 1 0.00 112.0000 New Taxiway 2
111  47.12704569  020.23454667
111  47.12699565  020.23473354
111  47.13171139  020.23741989
112  47.13181595  020.23756805  47.13184347  020.23767884
111  47.13180232  020.23779832
111  47.13129906  020.23968928
112  47.13121459  020.23980499  47.13115477  020.23984016
111  47.13109172  020.23981630
111  47.13134282  020.23996057
111  47.13191385  020.23782715
112  47.13194206  020.23774423  47.13196718  020.23768092
111  47.13199939  020.23766661
111  47.13210317  020.23727757
111  47.13200293  020.23722328
112  47.13189975  020.23731420  47.13184113  020.23732651
111  47.13177392  020.23728554
111  47.12873353  020.23555444
112  47.12865539  020.23543246  47.12863463  020.23533509
111  47.12866271  020.23525746
111  47.12853332  020.23518888
112  47.12838642  020.23530647  47.12828201  020.23525532
111  47.12832778  020.23506939
111  47.12819306  020.23499476
112  47.12805195  020.23511047  47.12794913  020.23505089
111  47.12799298  020.23488027
111  47.12786469  020.23480806
112  47.12771774  020.23492061  47.12761550  020.23485987
111  47.12766424  020.23469130
111  47.12752499  020.23461355
112  47.12737930  020.23472096  47.12728141  020.23466181
111  47.12733115  020.23450377
111  47.12719304  020.23442125
114  47.12713698  020.23452857  47.12709021  020.23456694
110 1 0.00 112.0000 new_taxiway_1
112  47.12577455  020.23370451  47.12576192  020.23362590
111  47.12577455  020.23370451
112  47.12577455  020.23370451  47.12576638  020.23363682
112  47.12580486  020.23356339  47.12582937  020.23351535
112  47.12591210  020.23347882  47.12596930  020.23346790
111  47.12601245  020.23349425
111  47.12594546  020.23376277
111  47.12598468  020.23378536
111  47.12605547  020.23351760
111  47.12623309  020.23361354
111  47.12616156  020.23388634
111  47.12620150  020.23390935
111  47.12627442  020.23363692
111  47.12647066  020.23374680
111  47.12640035  020.23402114
111  47.12644244  020.23404439
111  47.12651274  020.23377169
111  47.12669824  020.23387827
111  47.12662642  020.23415021
111  47.12667144  020.23417366
111  47.12673915  020.23389664
112  47.12686526  020.23392356  47.12688683  020.23393942
112  47.12690000  020.23397443  47.12690539  020.23399821
111  47.12689603  020.23404795
112  47.12686423  020.23414443  47.12684805  020.23417746
112  47.12679424  020.23420402  47.12676818  020.23421326
111  47.12671691  020.23419992
111  47.12662048  020.23456366
112  47.12668831  020.23466986  47.12670628  020.23474780
111  47.12668831  020.23479611
111  47.12623182  020.23651298
112  47.12610461  020.23679115  47.12602086  020.23689138
111  47.12587802  020.23685376
111  47.12643954  020.23716882
112  47.12631679  020.23690424  47.12629286  020.23671961
111  47.12633848  020.23658239
111  47.12680537  020.23485357
112  47.12689307  020.23474182  47.12695419  020.23471407
111  47.12699565  020.23473354
111  47.12704569  020.23454667
112  47.12695590  020.23443401  47.12694316  020.23436614
111  47.12696068  020.23427038
111  47.12709590  020.23376183
112  47.12715722  020.23368063  47.12719974  020.23365302
111  47.12724835  020.23367926
111  47.12729682  020.23349613
112  47.12722879  020.23338833  47.12721099  020.23330405
111  47.12722412  020.23325181
111  47.12736508  020.23272383
112  47.12743825  020.23263338  47.12749308  020.23262281
111  47.12752571  020.23264174
111  47.12757640  020.23245498
111  47.12752061  020.23241895
112  47.12748058  020.23236037  47.12747339  020.23232338
111  47.12747968  020.23229048
111  47.12751437  020.23215552
111  47.12741127  020.23209876
111  47.12702752  020.23351574
112  47.12699598  020.23355251  47.12697749  020.23355571
111  47.12695574  020.23354132
111  47.12658706  020.23333346
111  47.12655101  020.23347580
111  47.12648952  020.23344043
111  47.12645280  020.23358215
111  47.12607184  020.23337499
111  47.12605638  020.23343132
112  47.12591835  020.23340004  47.12587303  020.23340440
112  47.12577239  020.23349565  47.12573376  020.23356116
112  47.12571389  020.23364474  47.12570126  020.23369497
112  47.12567419  020.23376483  47.12565390  020.23379602
111  47.12562854  020.23379394
111  47.12579877  020.23389433
113  47.12582548  020.23379002
110 1 0.00 22.0000 New Taxiway 17
111  47.12168228  020.23154997
112  47.12165029  020.23147557  47.12164414  020.23142614
111  47.12166021  020.23139626
111  47.12171057  020.23128194
112  47.12177018  020.23122404  47.12180224  020.23121802
111  47.12183741  020.23124550
111  47.12187177  020.23127121
111  47.12188324  020.23123932
111  47.12163054  020.23101311
111  47.12161602  020.23104668
111  47.12165532  020.23108651
112  47.12168172  020.23116298  47.12168612  020.23120656
111  47.12166323  020.23125225
111  47.12160645  020.23137653
112  47.12155218  020.23143223  47.12151855  020.23144790
113  47.12146246  020.23142661
110 1 0.00 22.0000 New Taxiway 17
111  47.12072444  020.23100515
112  47.12069245  020.23093075  47.12068630  020.23088133
111  47.12070237  020.23085145
111  47.12075273  020.23073713
112  47.12081233  020.23067923  47.12084440  020.23067320
111  47.12087957  020.23070068
111  47.12091393  020.23072640
111  47.12092540  020.23069451
111  47.12067270  020.23046830
111  47.12065818  020.23050187
111  47.12069748  020.23054169
112  47.12072388  020.23061816  47.12072828  020.23066174
111  47.12070539  020.23070744
111  47.12064861  020.23083172
112  47.12059434  020.23088742  47.12056070  020.23090309
113  47.12050462  020.23088179
110 1 0.00 22.0000 New Taxiway 17
111  47.11826238  020.22960302
112  47.11823038  020.22952862  47.11822423  020.22947919
111  47.11824030  020.22944931
111  47.11829066  020.22933500
112  47.11835027  020.22927710  47.11838234  020.22927107
111  47.11841750  020.22929855
111  47.11845186  020.22932426
111  47.11846333  020.22929237
111  47.11821063  020.22906617
111  47.11819611  020.22909973
111  47.11823542  020.22913956
112  47.11826181  020.22921603  47.11826621  020.22925961
111  47.11824333  020.22930530
111  47.11818654  020.22942959
112  47.11813227  020.22948528  47.11809864  020.22950095
113  47.11804255  020.22947966
110 1 0.00 22.0000 New Taxiway 17
111  47.11655276  020.22863122
112  47.11651937  020.22855405  47.11651321  020.22850462
111  47.11653109  020.22847872
111  47.11659835  020.22838153
112  47.11665685  020.22833701  47.11668892  020.22833098
111  47.11672724  020.22838697
111  47.11675258  020.22842329
111  47.11676946  020.22839804
111  47.11655720  020.22807508
111  47.11653882  020.22809924
111  47.11656722  020.22814245
112  47.11659001  020.22823549  47.11658662  020.22828830
111  47.11655784  020.22831960
111  47.11646338  020.22845598
112  47.11640682  020.22850276  47.11637318  020.22851843
113  47.11633334  020.22850907
110 1 0.00 22.0000 New Taxiway 16
111  47.11782709  020.22929343
111  47.11782632  020.22917646
111  47.11788951  020.22894199
111  47.11796784  020.22886339
111  47.11800173  020.22873060
111  47.11797205  020.22864307
111  47.11791324  020.22860850
111  47.11784743  020.22864808
111  47.11781493  020.22877590
111  47.11783516  020.22891155
111  47.11777473  020.22914837
113  47.11772066  020.22923343
110 1 0.00 22.0000 New Taxiway 16
111  47.11627222  020.22840869
111  47.11627201  020.22829174
111  47.11633520  020.22805727
111  47.11641353  020.22797866
111  47.11644741  020.22784588
111  47.11641774  020.22775835
111  47.11635893  020.22772378
111  47.11629312  020.22776335
111  47.11626062  020.22789118
111  47.11628084  020.22802682
111  47.11622042  020.22826364
113  47.11616632  020.22835014
110 1 0.00 22.0000 New Taxiway 11
111  47.12463472  020.22650984
111  47.12469516  020.22640990
111  47.12491629  020.22639949
111  47.12495439  020.22645643
111  47.12501548  020.22645308
111  47.12504890  020.22639826
111  47.12504885  020.22632002
111  47.12500805  020.22626577
111  47.12495218  020.22626804
111  47.12491634  020.22632438
111  47.12469540  020.22633117
113  47.12462471  020.22624316
110 1 0.00 22.0000 New Taxiway 11
111  47.12469881  020.22829276
111  47.12475925  020.22819281
111  47.12498038  020.22818240
111  47.12501848  020.22823934
111  47.12507957  020.22823599
111  47.12511299  020.22818117
111  47.12511294  020.22810293
111  47.12507214  020.22804868
111  47.12501627  020.22805095
111  47.12498043  020.22810729
111  47.12475948  020.22811408
113  47.12468880  020.22802607
110 1 0.00 22.0000 New Taxiway 11
111  47.12467451  020.22769628
111  47.12473496  020.22759633
111  47.12495609  020.22758592
111  47.12499418  020.22764286
111  47.12505527  020.22763951
111  47.12508869  020.22758469
111  47.12508865  020.22750645
111  47.12504784  020.22745220
111  47.12499198  020.22745447
111  47.12495614  020.22751081
111  47.12473519  020.22751760
113  47.12466451  020.22742959
110 1 0.00 22.0000 New Taxiway 11
111  47.12473860  020.22947919
111  47.12479905  020.22937924
111  47.12502018  020.22936883
111  47.12505827  020.22942578
111  47.12511936  020.22942243
111  47.12515278  020.22936760
111  47.12515274  020.22928936
111  47.12511193  020.22923512
111  47.12505607  020.22923738
111  47.12502023  020.22929372
111  47.12479928  020.22930051
113  47.12472860  020.22921250
110 1 0.00 22.0000 New Taxiway 11
111  47.12465500  020.22710306
111  47.12471545  020.22700311
111  47.12493658  020.22699270
111  47.12497467  020.22704965
111  47.12503577  020.22704629
111  47.12506919  020.22699147
111  47.12506914  020.22691323
111  47.12502833  020.22685899
111  47.12497247  020.22686125
111  47.12493663  020.22691759
111  47.12471568  020.22692438
113  47.12464500  020.22683637
110 1 0.00 22.0000 New Taxiway 11
111  47.12471909  020.22888597
111  47.12477954  020.22878602
111  47.12500067  020.22877561
111  47.12503876  020.22883256
111  47.12509986  020.22882921
111  47.12513328  020.22877438
111  47.12513323  020.22869614
111  47.12509242  020.22864190
111  47.12503656  020.22864416
111  47.12500072  020.22870050
111  47.12477977  020.22870729
113  47.12470909  020.22861929
110 1 0.00 22.0000 New Taxiway 11
111  47.12475889  020.23007240
111  47.12481934  020.22997245
111  47.12504047  020.22996205
111  47.12507856  020.23001899
111  47.12513965  020.23001564
111  47.12517307  020.22996081
111  47.12517302  020.22988258
111  47.12513222  020.22982833
111  47.12507636  020.22983059
111  47.12504051  020.22988694
111  47.12481957  020.22989373
113  47.12474888  020.22980572
110 1 0.00 22.0000 New Taxiway 11
111  47.12469048  020.22563339
111  47.12477504  020.22557049
111  47.12497918  020.22562209
111  47.12501234  020.22568950
111  47.12507289  020.22570387
111  47.12512001  020.22566193
111  47.12512927  020.22558047
111  47.12509449  020.22551495
111  47.12503754  020.22550030
111  47.12499019  020.22554859
111  47.12478732  020.22549498
113  47.12473488  020.22536974
110 1 0.00 22.0000 New Taxiway 11
111  47.12474133  020.23080112
111  47.12482588  020.23073821
111  47.12503003  020.23078982
111  47.12506319  020.23085723
111  47.12512373  020.23087160
111  47.12517085  020.23082966
111  47.12518012  020.23074820
111  47.12514534  020.23068268
111  47.12508838  020.23066803
111  47.12504103  020.23071632
111  47.12483817  020.23066271
113  47.12477077  020.23056101
110 1 0.00 22.0000 New Taxiway 11
111  47.12455268  020.23148937
111  47.12464713  020.23144008
111  47.12484004  020.23155653
111  47.12485715  020.23162984
111  47.12491208  020.23166189
111  47.12496402  020.23163174
111  47.12498371  020.23155972
111  47.12496337  020.23148476
111  47.12490722  020.23145125
111  47.12486067  020.23149011
111  47.12466342  020.23137518
113  47.12462090  020.23124637
110 1 0.00 22.0000 New Taxiway 11
111  47.12439930  020.23204577
111  47.12449375  020.23199648
111  47.12468666  020.23211293
111  47.12470378  020.23218624
111  47.12475871  020.23221829
111  47.12481064  020.23218814
111  47.12483034  020.23211612
111  47.12481000  020.23204116
111  47.12475384  020.23200765
111  47.12470730  020.23204651
111  47.12451005  020.23193158
113  47.12446752  020.23180277
110 1 0.00 22.0000 New Taxiway 11
111  47.12454640  020.22619501
111  47.12455512  020.22595840
111  47.12448670  020.22602765
111  47.12426995  020.22599734
111  47.12423271  020.22593463
111  47.12417559  020.22592587
111  47.12413420  020.22598522
111  47.12412897  020.22606042
111  47.12416410  020.22612386
111  47.12422408  020.22613076
111  47.12426550  020.22607412
113  47.12448039  020.22610394
110 1 0.00 22.0000 New Taxiway 11
111  47.12571296  020.22607736
111  47.12570563  020.22585255
111  47.12563866  020.22593358
111  47.12543213  020.22594615
111  47.12539343  020.22589094
111  47.12533559  020.22589076
111  47.12529783  020.22595011
111  47.12529917  020.22602531
111  47.12533649  020.22607803
111  47.12539355  020.22607635
111  47.12543206  020.22601864
113  47.12564257  020.22600559
110 1 0.00 22.0000 New Taxiway 11
111  47.12456752  020.22680493
111  47.12456019  020.22658011
111  47.12449322  020.22666115
111  47.12428669  020.22667372
111  47.12424799  020.22661851
111  47.12419014  020.22661833
111  47.12415239  020.22667768
111  47.12415373  020.22675288
111  47.12419104  020.22680560
111  47.12424811  020.22680392
111  47.12428662  020.22674621
113  47.12449713  020.22673316
110 1 0.00 22.0000 New Taxiway 11
111  47.12573286  020.22666640
111  47.12572552  020.22644158
111  47.12565856  020.22652262
111  47.12545203  020.22653518
111  47.12541333  020.22647998
111  47.12535548  020.22647980
111  47.12531773  020.22653915
111  47.12531907  020.22661435
111  47.12535638  020.22666706
111  47.12541345  020.22666539
111  47.12545196  020.22660768
113  47.12566247  020.22659462
110 1 0.00 22.0000 New Taxiway 11
111  47.12458741  020.22739397
111  47.12458008  020.22716915
111  47.12451312  020.22725018
111  47.12430658  020.22726275
111  47.12426788  020.22720755
111  47.12421004  020.22720737
111  47.12417229  020.22726671
111  47.12417363  020.22734191
111  47.12421094  020.22739463
111  47.12426801  020.22739295
111  47.12430651  020.22733524
113  47.12451702  020.22732219
110 1 0.00 22.0000 New Taxiway 11
111  47.12604254  020.22915087
111  47.12591829  020.22899626
111  47.12591337  020.22913884
111  47.12581872  020.22937626
111  47.12576221  020.22940650
111  47.12573012  020.22948605
111  47.12574552  020.22955587
111  47.12578741  020.22959161
111  47.12584006  020.22957990
111  47.12587302  020.22949769
111  47.12586342  020.22941275
113  47.12595535  020.22918000
110 1 0.00 22.0000 New Taxiway 11
111  47.12632455  020.22939975
111  47.12618505  020.22927632
111  47.12619206  020.22940721
111  47.12609741  020.22964463
111  47.12604091  020.22967487
111  47.12600882  020.22975441
111  47.12602422  020.22982423
111  47.12606610  020.22985997
111  47.12611876  020.22984826
111  47.12615171  020.22976605
111  47.12614211  020.22968112
113  47.12623405  020.22944837
110 1 0.00 22.0000 New Taxiway 11
111  47.12586489  020.22889247
111  47.12580813  020.22865791
111  47.12574884  020.22880248
111  47.12557365  020.22891427
111  47.12552153  020.22889136
111  47.12547190  020.22892661
111  47.12545388  020.22900771
111  47.12547220  020.22906438
111  47.12552595  020.22909455
111  47.12557589  020.22905824
111  47.12559424  020.22898700
113  47.12577220  020.22886942
110 1 0.00 22.0000 New Taxiway 11
111  47.12464628  020.22917591
111  47.12463895  020.22895110
111  47.12457198  020.22903213
111  47.12436545  020.22904470
111  47.12432675  020.22898949
111  47.12426890  020.22898931
111  47.12423115  020.22904866
111  47.12423249  020.22912386
111  47.12426980  020.22917658
111  47.12432687  020.22917490
111  47.12436538  020.22911719
113  47.12457589  020.22910414
110 1 0.00 22.0000 New Taxiway 11
111  47.12575224  020.22725885
111  47.12574490  020.22703403
111  47.12567794  020.22711507
111  47.12547141  020.22712764
111  47.12543271  020.22707243
111  47.12537486  020.22707225
111  47.12533711  020.22713160
111  47.12533845  020.22720680
111  47.12537576  020.22725952
111  47.12543283  020.22725784
111  47.12547134  020.22720013
113  47.12568185  020.22718708
110 1 0.00 22.0000 New Taxiway 11
111  47.12460679  020.22798642
111  47.12459946  020.22776160
111  47.12453250  020.22784264
111  47.12432596  020.22785521
111  47.12428727  020.22780000
111  47.12422942  020.22779982
111  47.12419167  020.22785917
111  47.12419301  020.22793437
111  47.12423032  020.22798708
111  47.12428739  020.22798541
111  47.12432589  020.22792770
113  47.12453640  020.22791464
110 1 0.00 22.0000 New Taxiway 11
111  47.12466566  020.22976837
111  47.12465833  020.22954355
111  47.12459136  020.22962459
111  47.12438483  020.22963715
111  47.12434613  020.22958195
111  47.12428828  020.22958177
111  47.12425053  020.22964112
111  47.12425187  020.22971632
111  47.12428919  020.22976903
111  47.12434625  020.22976736
111  47.12438476  020.22970965
113  47.12459527  020.22969659
110 1 0.00 22.0000 New Taxiway 11
111  47.12579210  020.22844209
111  47.12578477  020.22821727
111  47.12571781  020.22829831
111  47.12551127  020.22831088
111  47.12547257  020.22825567
111  47.12541473  020.22825549
111  47.12537698  020.22831484
111  47.12537831  020.22839004
111  47.12541563  020.22844276
111  47.12547269  020.22844108
111  47.12551120  020.22838337
113  47.12572171  020.22837032
110 1 0.00 22.0000 New Taxiway 11
111  47.12577220  020.22785096
111  47.12576487  020.22762614
111  47.12569791  020.22770718
111  47.12549137  020.22771975
111  47.12545267  020.22766454
111  47.12539483  020.22766436
111  47.12535708  020.22772371
111  47.12535842  020.22779891
111  47.12539573  020.22785163
111  47.12545280  020.22784995
111  47.12549130  020.22779224
113  47.12570181  020.22777918
110 1 0.00 22.0000 New Taxiway 11
111  47.12462676  020.22857853
111  47.12461943  020.22835371
111  47.12455247  020.22843475
111  47.12434593  020.22844731
111  47.12430723  020.22839211
111  47.12424939  020.22839193
111  47.12421164  020.22845128
111  47.12421298  020.22852648
111  47.12425029  020.22857919
111  47.12430735  020.22857752
111  47.12434586  020.22851981
113  47.12455637  020.22850675
110 1 0.00 22.0000 New Taxiway 11
111  47.12468562  020.23036048
111  47.12467829  020.23013566
111  47.12461133  020.23021669
111  47.12440479  020.23022926
111  47.12436610  020.23017406
111  47.12430825  020.23017388
111  47.12427050  020.23023323
111  47.12427184  020.23030842
111  47.12430915  020.23036114
111  47.12436622  020.23035947
111  47.12440472  020.23030175
113  47.12461524  020.23028870
110 1 0.00 22.0000 New Taxiway 11
111  47.12455964  020.23116975
111  47.12462664  020.23092879
111  47.12453752  020.23097225
111  47.12434573  020.23085667
111  47.12432745  020.23078258
111  47.12427389  020.23074782
111  47.12421779  020.23078186
111  47.12419914  020.23084441
111  47.12421650  020.23092617
111  47.12427188  020.23095871
111  47.12432392  020.23092633
113  47.12451665  020.23104087
110 1 0.00 22.0000 New Taxiway 11
111  47.12440460  020.23172561
111  47.12447159  020.23148464
111  47.12438247  020.23152811
111  47.12419069  020.23141252
111  47.12417241  020.23133844
111  47.12411884  020.23130367
111  47.12406275  020.23133771
111  47.12404409  020.23140026
111  47.12406146  020.23148202
111  47.12411684  020.23151456
111  47.12416888  020.23148218
113  47.12436161  020.23159672
110 1 0.00 22.0000 New Taxiway 11
111  47.12425308  020.23227455
111  47.12432007  020.23203359
111  47.12423095  020.23207706
111  47.12403917  020.23196147
111  47.12402089  020.23188739
111  47.12396732  020.23185262
111  47.12391123  020.23188666
111  47.12389257  020.23194921
111  47.12390994  020.23203097
111  47.12396532  020.23206351
111  47.12401735  020.23203113
113  47.12421009  020.23214567
110 1 0.00 22.0000 New Taxiway 11
111  47.12424969  020.23259169
111  47.12434414  020.23254240
111  47.12453705  020.23265885
111  47.12455417  020.23273216
111  47.12460909  020.23276421
111  47.12466103  020.23273406
111  47.12468072  020.23266204
111  47.12466039  020.23258708
111  47.12460423  020.23255357
111  47.12455768  020.23259243
111  47.12436044  020.23247750
113  47.12431791  020.23234869
110 1 0.00 22.0000 New Taxiway 10
111  47.12464524  020.22496651
111  47.12469861  020.22509319
111  47.12455911  020.22592450
112  47.12454592  020.22607945  47.12454358  020.22615341
111  47.12454715  020.22623221
111  47.12468778  020.23042445
112  47.12468352  020.23064173  47.12467608  020.23073398
111  47.12464684  020.23084586
111  47.12411642  020.23277125
112  47.12409490  020.23281835  47.12408169  020.23283689
111  47.12406727  020.23284668
111  47.12419394  020.23292125
112  47.12418542  020.23286375  47.12418542  020.23284209
111  47.12419033  020.23281115
111  47.12471967  020.23088365
112  47.12476604  020.23065131  47.12477455  020.23054967
111  47.12477109  020.23041629
111  47.12462821  020.22626732
112  47.12462704  020.22609527  47.12463289  020.22600239
111  47.12463984  020.22593643
111  47.12477986  020.22511719
113  47.12486383  020.22504861
110 1 0.00 22.0000 New Taxiway 9
111  47.12800770  020.23035117
111  47.12772057  020.23001308
111  47.12762992  020.23016544
112  47.12748979  020.23027177  47.12740998  020.23029069
111  47.12731500  020.23024730
113  47.12777714  020.23077364
110 1 0.00 22.0000 New Taxiway 8
111  47.12911913  020.22900828
111  47.12909602  020.22905340
111  47.12973006  020.22908370
113  47.12968417  020.22903264
110 2 0.00 22.0000 New Taxiway 7
111  47.13210317  020.23727757
111  47.13199939  020.23766661
112  47.13208274  020.23764707  47.13213110  020.23764965
111  47.13217566  020.23767288
111  47.13245092  020.23664062
111  47.13252757  020.23673027
112  47.13255124  020.23672474  47.13255915  020.23670794
112  47.13256036  020.23657920  47.13255245  020.23650295
111  47.13251504  020.23639997
111  47.13265938  020.23585703
112  47.13255042  020.23570879  47.13252044  020.23560984
111  47.13254904  020.23549034
111  47.13319813  020.23299702
111  47.12930130  020.22843316
111  47.12925166  020.22852711
111  47.13303368  020.23292896
112  47.13308256  020.23305081  47.13309661  020.23311790
111  47.13308029  020.23319217
113  47.13200293  020.23722328
110 1 0.00 168.0000 New Taxiway 5
112  47.12659931  020.22941282  47.12650336  020.22927683
112  47.12638704  020.22896770  47.12633546  020.22876649
111  47.12632968  020.22854519
111  47.12625594  020.22642978
112  47.12615163  020.22585560  47.12604727  020.22556027
112  47.12587218  020.22535985  47.12574757  020.22521105
111  47.12551345  020.22511661
111  47.12357416  020.22440091
112  47.12342474  020.22437888  47.12333602  020.22437770
111  47.12325543  020.22440639
111  47.11615394  020.22650669
111  47.11617903  020.22666521
111  47.12330639  020.22454845
112  47.12340768  020.22452965  47.12345324  020.22452965
111  47.12350767  020.22453623
111  47.12545408  020.22527299
112  47.12563038  020.22546193  47.12570359  020.22560616
111  47.12570384  020.22582360
111  47.12579321  020.22850174
112  47.12588353  020.22893445  47.12596646  020.22909512
112  47.12618431  020.22927812  47.12635394  020.22943048
112  47.12654115  020.22958135  47.12663351  020.22966169
111  47.12678982  020.22983523
113  47.12685238  020.22972030
111  47.12615467  020.22652115
111  47.12621932  020.22852093
112  47.12623688  020.22878270  47.12625177  020.22887652
111  47.12627671  020.22897968
112  47.12627306  020.22907230  47.12625072  020.22911139
111  47.12621179  020.22909353
112  47.12600357  020.22890069  47.12590782  020.22876934
111  47.12589821  020.22851724
111  47.12581291  020.22573724
112  47.12585807  020.22564875  47.12590643  020.22563027
111  47.12593584  020.22567825
114  47.12608074  020.22600328  47.12614554  020.22619803
110 2 0.00 38.0000 New Taxiway 4
111  47.12787638  020.23088663
111  47.12807325  020.23053687
111  47.12827257  020.23034214
111  47.12858820  020.22976649
111  47.12874169  020.22994392
111  47.12901011  020.22943877
111  47.12885820  020.22925996
111  47.12896949  020.22905287
111  47.12909602  020.22905340
111  47.12911913  020.22900828
112  47.12907096  020.22894816  47.12905926  020.22888092
111  47.12910590  020.22879795
111  47.12941047  020.22822986
111  47.12920526  020.22798015
111  47.12892828  020.22850033
111  47.12899506  020.22857966
111  47.12871220  020.22908408
111  47.12865890  020.22901991
111  47.12838546  020.22952727
111  47.12842809  020.22957902
113  47.12777714  020.23077364
110 2 0.00 22.0000 New Taxiway 3
111  47.12751437  020.23215552
111  47.12781867  020.23101162
111  47.12765435  020.23082447
112  47.12769128  020.23094688  47.12769922  020.23102202
111  47.12768204  020.23107542
113  47.12741127  020.23209876
110 2 0.00 38.0000 New Taxiway 2
111  47.12685238  020.22972030
111  47.12678982  020.22983523
112  47.12683270  020.22994011  47.12684237  020.23000343
111  47.12680915  020.23005401
111  47.12644256  020.23075293
112  47.12639441  020.23082060  47.12636803  020.23084386
111  47.12633255  020.23084902
111  47.12615206  020.23085185
111  47.12610918  020.23080923
111  47.12599795  020.23081182
111  47.12596508  020.23086089
111  47.12582301  020.23086663
111  47.12571610  020.23072172
111  47.12556230  020.23072126
111  47.12546318  020.23088426
111  47.12546661  020.23111342
111  47.12556770  020.23124941
111  47.12573048  020.23124689
111  47.12582722  020.23107423
111  47.12596865  020.23106558
111  47.12600486  020.23110975
111  47.12611772  020.23110335
111  47.12615361  020.23105550
111  47.12629935  020.23104543
112  47.12638269  020.23099447  47.12642138  020.23094019
111  47.12645184  020.23087922
111  47.12685743  020.23010980
112  47.12691490  020.23005427  47.12695798  020.23003230
111  47.12698422  020.23006447
111  47.12781867  020.23101162
113  47.12787638  020.23088663
110 2 0.00 22.0000 New Taxiway 1
111  47.11544188  020.22799718
112  47.11539071  020.22787373  47.11537763  020.22779815
111  47.11539759  020.22773180
112  47.11555635  020.22735920  47.11566073  020.22716117
112  47.11585792  020.22689744  47.11602901  020.22671689
111  47.11617903  020.22666521
111  47.11615394  020.22650669
112  47.11605723  020.22649195  47.11601886  020.22645906
111  47.11599088  020.22638504
112  47.11558698  020.22674630  47.11539965  020.22698697
112  47.11525097  020.22738186  47.11514555  020.22766753
111  47.11506861  020.22800314
112  47.11513045  020.22809160  47.11515014  020.22815007
111  47.11515356  020.22821996
113  47.11523977  020.22788133
110 2 0.00 21.0000 New Taxiway 3
111  47.11534355  020.22823457
112  47.11543378  020.22819757  47.11547715  020.22819254
111  47.11552750  020.22821411
111  47.12576292  020.23403358
111  47.12575188  020.23407674
111  47.12662048  020.23456366
111  47.12671691  020.23419992
111  47.12584678  020.23370737
111  47.12579877  020.23389433
111  47.12562127  020.23378943
111  47.12534242  020.23363048
112  47.12531902  020.23359707  47.12530932  020.23357449
111  47.12530881  020.23355415
111  47.12521656  020.23350228
112  47.12518622  020.23352387  47.12516454  020.23353143
111  47.12515015  020.23352419
111  47.12497276  020.23342025
112  47.12494292  020.23338374  47.12493122  020.23335625
111  47.12492936  020.23333300
111  47.12484175  020.23328590
112  47.12480193  020.23330663  47.12478094  020.23330980
111  47.12476498  020.23329946
111  47.12423482  020.23300302
112  47.12420795  020.23296958  47.12419816  020.23294998
111  47.12419394  020.23292125
111  47.12406727  020.23284668
112  47.12403007  020.23286534  47.12401237  020.23286939
111  47.12398701  020.23286185
111  47.12352675  020.23259961
112  47.12349963  020.23256534  47.12348952  020.23253980
111  47.12349003  020.23251935
111  47.12339564  020.23246629
112  47.12336263  020.23249031  47.12334426  020.23249409
111  47.12332751  020.23248743
111  47.12314841  020.23238370
112  47.12312607  020.23235551  47.12311863  020.23233698
111  47.12311769  020.23231163
111  47.12301337  020.23225854
112  47.12298362  020.23227479  47.12296725  020.23227970
111  47.12295237  020.23227255
111  47.12139466  020.23138656
112  47.12131152  020.23132112  47.12127929  020.23128218
111  47.12125585  020.23124011
111  47.12102422  020.23111085
112  47.12097029  020.23112321  47.12094809  020.23112321
111  47.12091511  020.23111301
111  47.12048620  020.23086734
112  47.12045818  020.23082999  47.12044712  020.23080415
111  47.12044743  020.23077854
111  47.12035318  020.23072914
112  47.12031587  020.23074968  47.12029488  020.23075600
111  47.12027067  020.23074652
111  47.11967140  020.23040466
112  47.11960825  020.23030400  47.11959005  020.23023141
111  47.11959178  020.23018519
111  47.11950560  020.23013631
112  47.11942844  020.23021061  47.11938619  020.23023166
111  47.11934053  020.23021317
111  47.11889119  020.22995711
112  47.11882011  020.22985025  47.11879648  020.22976227
111  47.11880443  020.22970248
111  47.11875323  020.22967767
112  47.11866506  020.22976779  47.11861858  020.22979441
111  47.11855921  020.22977258
111  47.11786076  020.22937528
112  47.11783583  020.22934128  47.11782775  020.22931752
111  47.11782709  020.22929343
111  47.11772066  020.22923343
112  47.11768658  020.22925377  47.11766563  020.22925971
111  47.11764693  020.22924833
111  47.11725270  020.22902533
112  47.11722114  020.22898352  47.11720896  020.22895405
111  47.11720675  020.22892788
111  47.11708197  020.22883852
112  47.11702996  020.22887000  47.11700273  020.22887696
111  47.11702996  020.22887000
112  47.11702996  020.22887000  47.11699918  020.22887696
111  47.11697398  020.22886471
111  47.11629846  020.22848972
112  47.11627760  020.22845503  47.11627109  020.22843068
111  47.11627222  020.22840869
111  47.11616632  020.22835014
112  47.11613387  020.22837392  47.11611729  020.22838088
111  47.11609712  020.22837325
111  47.11523977  020.22788133
113  47.11517546  020.22813595
110 1 0.00 112.0000 New Taxiway 2
111  47.11485005  020.23057319
112  47.11474623  020.23037560  47.11472670  020.23026863
111  47.11475499  020.23014391
111  47.11521926  020.22838694
112  47.11527070  020.22830027  47.11530788  020.22825396
111  47.11534355  020.22823457
111  47.11517546  020.22813595
113  47.11457719  020.23041717
110 1 0.00 22.0000 New Taxiway 1
111  47.12530881  020.23355415
111  47.12530876  020.23346030
111  47.12537306  020.23322261
111  47.12542665  020.23318824
111  47.12544419  020.23310663
111  47.12541788  020.23303646
111  47.12537598  020.23301642
111  47.12532142  020.23305221
111  47.12530389  020.23312667
111  47.12532824  020.23319827
111  47.12526394  020.23343596
113  47.12521656  020.23350228
110 1 0.00 22.0000 New Taxiway 1
111  47.12492936  020.23333300
111  47.12493248  020.23324578
111  47.12499679  020.23300809
111  47.12505037  020.23297372
111  47.12506791  020.23289211
111  47.12504160  020.23282194
111  47.12499971  020.23280190
111  47.12494515  020.23283770
111  47.12492761  020.23291215
111  47.12495197  020.23298375
111  47.12488766  020.23322144
113  47.12484175  020.23328590
110 1 0.00 22.0000 New Taxiway 1
111  47.12349003  020.23251935
111  47.12349214  020.23242841
111  47.12355645  020.23219072
111  47.12361003  020.23215635
111  47.12362757  020.23207474
111  47.12360126  020.23200457
111  47.12355937  020.23198453
111  47.12350481  020.23202032
111  47.12348727  020.23209478
111  47.12351163  020.23216637
111  47.12344733  020.23240407
113  47.12339564  020.23246629
110 1 0.00 22.0000 New Taxiway 1
111  47.12311769  020.23231163
111  47.12311555  020.23221457
111  47.12317986  020.23197688
111  47.12323344  020.23194252
111  47.12325098  020.23186090
111  47.12322468  020.23179074
111  47.12318278  020.23177069
111  47.12312822  020.23180649
111  47.12311068  020.23188095
111  47.12313504  020.23195254
111  47.12307073  020.23219023
113  47.12301337  020.23225854
110 1 0.00 22.0000 New Taxiway 36
111  47.12849690  020.23297549
111  47.12845454  020.23284880
111  47.12864027  020.23219619
112  47.12873983  020.23191628  47.12879318  020.23180392
111  47.12887726  020.23167373
112  47.12892217  020.23164769  47.12895012  020.23164965
111  47.12896196  020.23168297
111  47.12907096  020.23198820
111  47.12911569  020.23194404
111  47.12901467  020.23166120
112  47.12899902  020.23155554  47.12900035  020.23149686
111  47.12902888  020.23145087
111  47.12928204  020.23109803
111  47.12932512  020.23108940
111  47.12947192  020.23087601
111  47.12939047  020.23077774
111  47.12924713  020.23097814
111  47.12923955  020.23104317
111  47.12896685  020.23142723
111  47.12799546  020.23067486
111  47.12796241  020.23073376
111  47.12893699  020.23147113
111  47.12884191  020.23162037
112  47.12870036  020.23187295  47.12864976  020.23197965
111  47.12859178  020.23216690
111  47.12840400  020.23282854
113  47.12831541  020.23287177
110 2 0.00 105.0000 New Taxiway 35
111  47.12382459  020.22449355
111  47.12380245  020.22438421
111  47.12384872  020.22412516
111  47.12359256  020.22402363
111  47.12354824  020.22428658
111  47.12350395  020.22438551
111  47.12360538  020.22441365
111  47.12362264  020.22431782
111  47.12373623  020.22436221
113  47.12372041  020.22445482
110 2 0.00 104.0000 New Taxiway 34
111  47.12371119  020.22461308
111  47.12375363  020.22472223
111  47.12370884  020.22504450
111  47.12364224  020.22512457
111  47.12362160  020.22524721
111  47.12365294  020.22535125
111  47.12371473  020.22537196
111  47.12377603  020.22529919
111  47.12379613  020.22517406
111  47.12376424  020.22506875
111  47.12383144  020.22474995
113  47.12390218  020.22468585
110 2 0.00 104.0000 New Taxiway 34
111  47.12423647  020.22481177
111  47.12427891  020.22492092
111  47.12423411  020.22524319
111  47.12416752  020.22532327
111  47.12414687  020.22544590
111  47.12417821  020.22554994
111  47.12424001  020.22557065
111  47.12430131  020.22549788
111  47.12432141  020.22537275
111  47.12428952  020.22526744
111  47.12435672  020.22494864
113  47.12442745  020.22488454
110 2 0.00 22.0000 New Taxiway 33
111  47.12120998  020.22488906
111  47.12102474  020.22494359
111  47.12094945  020.22508920
111  47.12103980  020.22506205
111  47.12106283  020.22498525
111  47.12118949  020.22494750
111  47.12123554  020.22500347
113  47.12132064  020.22497892
110 2 0.00 22.0000 New Taxiway 31
111  47.12226073  020.22470150
111  47.12219482  020.22464952
111  47.12217129  020.22448118
111  47.12194847  020.22454805
113  47.12196887  020.22478682
111  47.12131083  020.22498265
111  47.12123554  020.22500217
111  47.12119480  020.22494880
111  47.12106283  020.22498785
111  47.12104068  020.22506205
111  47.12095211  020.22508808
111  47.12102208  020.22495010
113  47.12121252  020.22488242
110 2 0.00 79.0000 New Taxiway 30
111  47.11769482  020.22621426
111  47.11777939  020.22629544
111  47.11782232  020.22661845
111  47.11778802  020.22673272
111  47.11780723  020.22685890
111  47.11786570  020.22692199
111  47.11792438  020.22690677
111  47.11796235  020.22680277
111  47.11794713  020.22668355
111  47.11788641  020.22659984
111  47.11785189  020.22627261
113  47.11789849  020.22615339
110 2 0.00 79.0000 New Taxiway 30
111  47.12080690  020.22529052
111  47.12089147  020.22537169
111  47.12093440  020.22569470
111  47.12090010  020.22580898
111  47.12091931  020.22593516
111  47.12097778  020.22599825
111  47.12103646  020.22598303
111  47.12107443  020.22587902
111  47.12105921  020.22575980
111  47.12099849  020.22567609
111  47.12096397  020.22534886
113  47.12101057  020.22522964
110 2 0.00 79.0000 New Taxiway 30
111  47.12133704  020.22513390
111  47.12142162  020.22521508
111  47.12146455  020.22553809
111  47.12143025  020.22565236
111  47.12144946  020.22577854
111  47.12150792  020.22584163
111  47.12156660  020.22582641
111  47.12160458  020.22572241
111  47.12158935  020.22560319
111  47.12152863  020.22551947
111  47.12149411  020.22519225
113  47.12154071  020.22507302
110 2 0.00 79.0000 New Taxiway 30
111  47.12186750  020.22497645
111  47.12195207  020.22505762
111  47.12199500  020.22538064
111  47.12196070  020.22549491
111  47.12197991  020.22562109
111  47.12203837  020.22568418
111  47.12209706  020.22566896
111  47.12213503  020.22556496
111  47.12211980  020.22544573
111  47.12205909  020.22536202
111  47.12202456  020.22503479
113  47.12207117  020.22491557
110 2 0.00 79.0000 New Taxiway 30
111  47.12235350  020.22483229
111  47.12243808  020.22491346
111  47.12248100  020.22523647
111  47.12244671  020.22535075
111  47.12246591  020.22547692
111  47.12252438  020.22554001
111  47.12258306  020.22552479
111  47.12262104  020.22542079
111  47.12260581  020.22530157
111  47.12254509  020.22521786
111  47.12251057  020.22489063
113  47.12255717  020.22477141
110 2 0.00 79.0000 New Taxiway 30
111  47.12284093  020.22468771
111  47.12292551  020.22476888
111  47.12296843  020.22509189
111  47.12293414  020.22520617
111  47.12295334  020.22533235
111  47.12301181  020.22539543
111  47.12307049  020.22538021
111  47.12310847  020.22527621
111  47.12309324  020.22515699
111  47.12303252  020.22507328
111  47.12299800  020.22474605
113  47.12304460  020.22462683
110 2 0.00 22.0000 New Taxiway 29
111  47.11744740  020.22833147
111  47.11737663  020.22833401
111  47.11730759  020.22842532
111  47.11729033  020.22855467
111  47.11733003  020.22861555
111  47.11741010  020.22859779
111  47.11748073  020.22850129
113  47.11748763  020.22839554
110 2 0.00 22.0000 New Taxiway 28
111  47.11892852  020.22920584
111  47.11886290  020.22923938
111  47.11881583  020.22934420
111  47.11882153  020.22948884
111  47.11887003  020.22952867
111  47.11894421  020.22948674
111  47.11900127  020.22935468
113  47.11898843  020.22925406
110 2 0.00 22.0000 New Taxiway 27
111  47.11981438  020.22967763
111  47.11974176  020.22967763
111  47.11968081  020.22977292
111  47.11966395  020.22990251
111  47.11970934  020.22996730
111  47.11978844  020.22994253
111  47.11985458  020.22984724
113  47.11985847  020.22974433
110 2 0.00 22.0000 New Taxiway 26
111  47.12044743  020.23077854
111  47.12046275  020.23065243
111  47.12060422  020.23011363
111  47.12067259  020.23005299
111  47.12070324  020.22992998
111  47.12068084  020.22983123
111  47.12061600  020.22980005
111  47.12055942  020.22985202
111  47.12052877  020.22996810
111  47.12054763  020.23008418
111  47.12040498  020.23061952
113  47.12035318  020.23072914
110 1 0.00 22.0000 New Taxiway 42
111  47.11875323  020.22967767
111  47.11880443  020.22970248
111  47.11887003  020.22952867
113  47.11882153  020.22948884
110 1 0.00 22.0000 New Taxiway 41
111  47.11887175  020.22900406
112  47.11893581  020.22909734  47.11894808  020.22914543
111  47.11892852  020.22920584
111  47.11898843  020.22925406
112  47.11905024  020.22919029  47.11909024  020.22917559
111  47.11913326  020.22921291
111  47.11914495  020.22918141
113  47.11888311  020.22897492
110 1 0.00 22.0000 New Taxiway 40
111  47.11716334  020.22873955
111  47.11708197  020.22883852
111  47.11720675  020.22892788
111  47.11720734  020.22879442
111  47.11733003  020.22861555
113  47.11729033  020.22855467
110 1 0.00 22.0000 New Taxiway 39
111  47.11757539  020.22791289
112  47.11761555  020.22803182  47.11761754  020.22808952
111  47.11758796  020.22813592
111  47.11744740  020.22833147
111  47.11748763  020.22839554
111  47.11762850  020.22820391
112  47.11770775  020.22816993  47.11775167  020.22818167
111  47.11778282  020.22824044
111  47.11779551  020.22822144
113  47.11759171  020.22789101
110 1 0.00 22.0000 New Taxiway 38
111  47.11985847  020.22974433
112  47.11993713  020.22969948  47.11997739  020.22971131
111  47.12001361  020.22976382
111  47.12003302  020.22973211
111  47.11981687  020.22942412
111  47.11979448  020.22945857
112  47.11983833  020.22956775  47.11984719  020.22962692
113  47.11981438  020.22967763
110 1 0.00 22.0000 New Taxiway 37
111  47.11959178  020.23018519
111  47.11970934  020.22996730
111  47.11966395  020.22990251
113  47.11950560  020.23013631
110 2 0.00 58.0000 New Taxiway 18
111  47.11835834  020.22645361
111  47.11835470  020.22657561
111  47.11840401  020.22669468
111  47.11847956  020.22673031
111  47.11852239  020.22668400
111  47.11853087  020.22657920
111  47.11848239  020.22646401
113  47.11840602  020.22640967
110 2 0.00 70.0000 New Taxiway 17
111  47.11902461  020.22624768
111  47.11900324  020.22638508
111  47.11902995  020.22650090
111  47.11909874  020.22655881
111  47.11914816  020.22653525
111  47.11917688  020.22642140
111  47.11915017  020.22630362
113  47.11907203  020.22622412
110 2 0.00 40.0000 New Taxiway 16
111  47.11974009  020.22590992
112  47.11975029  020.22598830  47.11974786  020.22603559
111  47.11973526  020.22606584
111  47.11958623  020.22633034
111  47.11950767  020.22636152
111  47.11945547  020.22645384
111  47.11945260  020.22656196
111  47.11949638  020.22661934
111  47.11957447  020.22661412
111  47.11963363  020.22650284
111  47.11963616  020.22638470
111  47.11978543  020.22612320
112  47.11983590  020.22608634  47.11985715  020.22608188
113  47.11989154  020.22609686
110 2 0.00 22.0000 New Taxiway 15
111  47.12007633  020.22632546
111  47.12011042  020.22646496
111  47.12019556  020.22657053
111  47.12026952  020.22656510
111  47.12031456  020.22649127
111  47.12030749  020.22638284
111  47.12022128  020.22627961
113  47.12011831  020.22625136
110 1 0.00 22.0000 New Taxiway 14
111  47.11636130  020.22612399
111  47.11622607  020.22617509
111  47.11623269  020.22621970
112  47.11627851  020.22626432  47.11629286  020.22629595
112  47.11628789  020.22636570  47.11628458  020.22641518
111  47.11624649  020.22648007
111  47.11642919  020.22642572
112  47.11635468  020.22634786  47.11633922  020.22631460
112  47.11633370  020.22624728  47.11634033  020.22621484
113  47.11636848  020.22616455
110 1 0.00 22.0000 New Taxiway 13
111  47.11667838  020.22651666
112  47.11676312  020.22656101  47.11679322  020.22659861
112  47.11681426  020.22669541  47.11682128  020.22676251
112  47.11679394  020.22683901  47.11677939  020.22688916
111  47.11672606  020.22693349
111  47.11673495  020.22696912
111  47.11702507  020.22683017
111  47.11701741  020.22679856
112  47.11692809  020.22679930  47.11689196  020.22677718
112  47.11686567  020.22667575  47.11685714  020.22662929
112  47.11687152  020.22653566  47.11689059  020.22647667
113  47.11693729  020.22644050
110 1 0.00 22.0000 New Taxiway 12
111  47.11731113  020.22632819
111  47.11737417  020.22662745
111  47.11766106  020.22651107
113  47.11761257  020.22623912
110 1 0.00 22.0000 New Taxiway 11
111  47.11810526  020.22609298
112  47.11819268  020.22612994  47.11823066  020.22616438
111  47.11824623  020.22619243
111  47.11853463  020.22686130
112  47.11853995  020.22697689  47.11853026  020.22704815
111  47.11848956  020.22710880
111  47.11850296  020.22713645
111  47.11874932  020.22688901
111  47.11873834  020.22686587
112  47.11865342  020.22689133  47.11862029  020.22688420
111  47.11858481  020.22682884
111  47.11836591  020.22631739
112  47.11835961  020.22613688  47.11838386  020.22603832
113  47.11844250  020.22599240
110 1 0.00 22.0000 New Taxiway 10
111  47.11882190  020.22587878
112  47.11893252  020.22595940  47.11897653  020.22602981
111  47.11898793  020.22609922
111  47.11909918  020.22655931
112  47.11908558  020.22667758  47.11906300  020.22674394
111  47.11901776  020.22678182
111  47.11902839  020.22681738
111  47.11929621  020.22666717
111  47.11928856  020.22663648
112  47.11919859  020.22661378  47.11916548  020.22659313
111  47.11914775  020.22653684
111  47.11904006  020.22608032
112  47.11905247  020.22591518  47.11907398  020.22584190
113  47.11915918  020.22577797
110 1 0.00 22.0000 New Taxiway 9
111  47.11954101  020.22566521
111  47.12026952  020.22656510
112  47.12029850  020.22666591  47.12029769  020.22672292
111  47.12026675  020.22679238
111  47.12028315  020.22681221
111  47.12047533  020.22647784
111  47.12045880  020.22645648
112  47.12039125  020.22651147  47.12035730  020.22652691
111  47.12031456  020.22649127
111  47.11989014  020.22597194
112  47.11984057  020.22573874  47.11986279  020.22558459
113  47.11996810  020.22553917
110 1 0.00 22.0000 New Taxiway 8
111  47.12033650  020.22543054
111  47.12038367  020.22568658
111  47.12068572  020.22556799
113  47.12064930  020.22533749
110 2 0.00 22.0000 New Taxiway 7
111  47.12158239  020.22973393
112  47.12163976  020.22969948  47.12166158  020.22969592
111  47.12169553  020.22971017
111  47.12188625  020.22982775
111  47.12193950  020.22993509
111  47.12202210  020.22998292
111  47.12209020  020.22994787
111  47.12211010  020.22987288
111  47.12207666  020.22977414
111  47.12199211  020.22972680
111  47.12191292  020.22974699
111  47.12171573  020.22962460
112  47.12167613  020.22956053  47.12166643  020.22952846
113  47.12165512  020.22947502
110 2 0.00 22.0000 New Taxiway 6
111  47.12140447  020.23035332
111  47.12149498  020.23044240
111  47.12145054  020.23060273
111  47.12134144  020.23058373
111  47.12131315  020.23067874
111  47.12147963  020.23067993
111  47.12155075  020.23043171
113  47.12143518  020.23024525
110 2 0.00 22.0000 New Taxiway 5
111  47.12235880  020.22881072
111  47.12228837  020.22877771
111  47.12221005  020.22881964
111  47.12215419  020.22893921
111  47.12217726  020.22902042
111  47.12225923  020.22904629
111  47.12235516  020.22898829
113  47.12238249  020.22889103
110 2 0.00 22.0000 New Taxiway 4
111  47.12180824  020.22871444
112  47.12175699  020.22875493  47.12171882  020.22876832
111  47.12169025  020.22875073
111  47.12149202  020.22862923
111  47.12144959  020.22853097
111  47.12137142  020.22848237
111  47.12130081  020.22851666
111  47.12127648  020.22859884
111  47.12130785  020.22869812
111  47.12138289  020.22874455
111  47.12146825  020.22872014
111  47.12166181  020.22883695
112  47.12171536  020.22890007  47.12173601  020.22895004
113  47.12173268  020.22898072
110 2 0.00 48.0000 New Taxiway 3
111  47.12157964  020.22783245
111  47.12153115  020.22789183
111  47.12153196  020.22799754
111  47.12158610  020.22809492
111  47.12167419  020.22813055
111  47.12172025  020.22806523
111  47.12170652  020.22793696
113  47.12164591  020.22784314
110 2 0.00 79.0000 New Taxiway 2
111  47.12161285  020.22505168
112  47.12168428  020.22508859  47.12170614  020.22511714
111  47.12171750  020.22518770
111  47.12202497  020.22742126
112  47.12203998  020.22778623  47.12203044  020.22799788
111  47.12198053  020.22817328
111  47.12194395  020.22830433
112  47.12192281  020.22833617  47.12191026  020.22834944
111  47.12189412  020.22835249
111  47.12190775  020.22860401
112  47.12196262  020.22846499  47.12198821  020.22841853
111  47.12203864  020.22838790
111  47.12243449  020.22813424
111  47.12251506  020.22815229
111  47.12259216  020.22810811
111  47.12262745  020.22800985
111  47.12260682  020.22793643
111  47.12253622  020.22790733
111  47.12245753  020.22795018
111  47.12240891  020.22805377
111  47.12202635  020.22830352
112  47.12199100  020.22830949  47.12197720  020.22829976
111  47.12198438  020.22827316
111  47.12200895  020.22818332
112  47.12206853  020.22779068  47.12207906  020.22757313
111  47.12205383  020.22741232
111  47.12174489  020.22517828
112  47.12175504  020.22506827  47.12177326  020.22502901
113  47.12182030  020.22498980
110 1 0.00 22.0000 New Taxiway 1
111  47.12125585  020.23124011
112  47.12122174  020.23110721  47.12121573  020.23102476
111  47.12123120  020.23096371
111  47.12167195  020.22941967
112  47.12171120  020.22933493  47.12173787  020.22929455
111  47.12176401  020.22927535
111  47.12243641  020.22885806
112  47.12252373  020.22885924  47.12256447  020.22889065
111  47.12259208  020.22895944
111  47.12261448  020.22894472
111  47.12249454  020.22854160
111  47.12247466  020.22855648
112  47.12247051  020.22869632  47.12244914  020.22875227
111  47.12241268  020.22877641
111  47.12173589  020.22919957
111  47.12190775  020.22860401
111  47.12189412  020.22835249
111  47.12157896  020.22783437
112  47.12155994  020.22772594  47.12156359  020.22766794
111  47.12159529  020.22760125
111  47.12157924  020.22757404
111  47.12136419  020.22785945
111  47.12137906  020.22788265
112  47.12146128  020.22784216  47.12150439  020.22784127
111  47.12153294  020.22788949
111  47.12180893  020.22834996
112  47.12184502  020.22848436  47.12184988  020.22856110
111  47.12183224  020.22863037
111  47.12160443  020.22942869
111  47.12117353  020.22862618
112  47.12116502  020.22849923  47.12117972  020.22843936
111  47.12121721  020.22839139
111  47.12120013  020.22835825
111  47.12095076  020.22864395
111  47.12096569  020.22867433
112  47.12104907  020.22863944  47.12108848  020.22863257
111  47.12112115  020.22868671
111  47.12152771  020.22942418
111  47.12154919  020.22951889
111  47.12154504  020.22962847
111  47.12138813  020.23017979
111  47.12125189  020.22970104
112  47.12125991  020.22960458  47.12127747  020.22955444
111  47.12134186  020.22949546
111  47.12133281  020.22946559
111  47.12106942  020.22963246
111  47.12107674  020.22966108
112  47.12115331  020.22966321  47.12118090  020.22968091
111  47.12119726  020.22973446
111  47.12132468  020.23017122
111  47.12134412  020.23027915
111  47.12131957  020.23041896
111  47.12117169  020.23093039
112  47.12111525  020.23104194  47.12107718  020.23108808
113  47.12102422  020.23111085
110 1 0.00 22.0000 New Taxiway 15
111  47.12531216  020.23355415
111  47.12531249  020.23344346
111  47.12536807  020.23322973
111  47.12542657  020.23319380
111  47.12544668  020.23311409
111  47.12542546  020.23304231
111  47.12537449  020.23301532
111  47.12532506  020.23304491
111  47.12530546  020.23312419
111  47.12532527  020.23320326
111  47.12526885  020.23341823
113  47.12521991  020.23350228
110 1 0.00 22.0000 New Taxiway 15
111  47.12493271  020.23333300
111  47.12493528  020.23322765
111  47.12499087  020.23301393
111  47.12504936  020.23297799
111  47.12506947  020.23289828
111  47.12504825  020.23282650
111  47.12499728  020.23279951
111  47.12494786  020.23282910
111  47.12492825  020.23290839
111  47.12494806  020.23298745
111  47.12489164  020.23320242
113  47.12484510  020.23328590
110 1 0.00 22.0000 New Taxiway 15
111  47.12349338  020.23251935
111  47.12349117  020.23241046
111  47.12354676  020.23219674
111  47.12360525  020.23216080
111  47.12362536  020.23208110
111  47.12360414  020.23200931
111  47.12355317  020.23198232
111  47.12350375  020.23201191
111  47.12348414  020.23209120
111  47.12350395  020.23217027
111  47.12344753  020.23238524
113  47.12339899  020.23246629
110 1 0.00 22.0000 New Taxiway 15
111  47.12312104  020.23231163
111  47.12311952  020.23219730
111  47.12317511  020.23198358
111  47.12323361  020.23194765
111  47.12325371  020.23186794
111  47.12323249  020.23179615
111  47.12318153  020.23176916
111  47.12313210  020.23179875
111  47.12311249  020.23187804
111  47.12313230  020.23195711
111  47.12307588  020.23217208
113  47.12301672  020.23225854
130 Airport Boundary 2
111  47.11336621  020.23452031
111  47.12224124  020.24226108
111  47.12877357  020.24679580
111  47.13408088  020.24425010
111  47.13444824  020.24102177
111  47.13478108  020.23017731
111  47.13470933  020.22765283
111  47.13302622  020.22748695
111  47.13193442  020.22645086
111  47.13082622  020.22851728
111  47.12982382  020.22730812
111  47.12669362  020.22379319
111  47.12601298  020.22447817
111  47.12421621  020.22371879
111  47.12324325  020.22362770
111  47.12238597  020.22384342
111  47.11611437  020.22609295
112  47.11540493  020.22678229  47.11518768  020.22722231
111  47.11506166  020.22763975
111  47.11220981  020.22914563
113  47.11152797  020.23158251
120 Linear Feature 14
112  47.12537182  020.23313479  47.12537758  020.23313835 1
112  47.12538410  020.23312277  47.12538385  020.23311246 1
112  47.12537099  020.23311312  47.12536563  020.23311797 1
116  47.12537182  020.23313479  47.12537758  020.23313835
120 Linear Feature 14
112  47.12498354  020.22637586  47.12498930  020.22637942 1
112  47.12499581  020.22636384  47.12499556  020.22635353 1
112  47.12498270  020.22635419  47.12497734  020.22635904 1
116  47.12498354  020.22637586  47.12498930  020.22637942
120 Linear Feature 14
112  47.12500464  020.22697204  47.12501039  020.22697560 1
112  47.12501691  020.22696002  47.12501666  020.22694970 1
112  47.12500380  020.22695037  47.12499844  020.22695522 1
116  47.12500464  020.22697204  47.12501039  020.22697560
120 Linear Feature 14
112  47.12504459  020.22815730  47.12505034  020.22816086 1
112  47.12505686  020.22814528  47.12505661  020.22813496 1
112  47.12504375  020.22813563  47.12503839  020.22814048 1
116  47.12504459  020.22815730  47.12505034  020.22816086
120 Linear Feature 14
112  47.12508586  020.22934315  47.12509161  020.22934671 1
112  47.12509813  020.22933113  47.12509788  020.22932081 1
112  47.12508502  020.22932148  47.12507966  020.22932633 1
116  47.12508586  020.22934315  47.12509161  020.22934671
120 Linear Feature 14
112  47.12502550  020.22756200  47.12503126  020.22756556 1
112  47.12503778  020.22754997  47.12503752  020.22753966 1
112  47.12502466  020.22754032  47.12501931  020.22754518 1
116  47.12502550  020.22756200  47.12503126  020.22756556
120 Linear Feature 14
112  47.12506545  020.22874726  47.12507121  020.22875082 1
112  47.12507773  020.22873523  47.12507747  020.22872492 1
112  47.12506461  020.22872558  47.12505926  020.22873044 1
116  47.12506545  020.22874726  47.12507121  020.22875082
120 Linear Feature 14
112  47.12510672  020.22993311  47.12511248  020.22993667 1
112  47.12511900  020.22992108  47.12511874  020.22991077 1
112  47.12510588  020.22991143  47.12510053  020.22991629 1
116  47.12510672  020.22993311  47.12511248  020.22993667
120 Linear Feature 14
112  47.12510707  020.23078292  47.12511283  020.23078647 1
112  47.12511935  020.23077089  47.12511909  020.23076058 1
112  47.12510623  020.23076124  47.12510088  020.23076610 1
116  47.12510707  020.23078292  47.12511283  020.23078647
120 Linear Feature 14
112  47.12491292  020.23157053  47.12491868  020.23157409 1
112  47.12492520  020.23155851  47.12492495  020.23154820 1
112  47.12491209  020.23154886  47.12490673  020.23155371 1
116  47.12491292  020.23157053  47.12491868  020.23157409
120 Linear Feature 14
112  47.12476005  020.23212621  47.12476581  020.23212976 1
112  47.12477232  020.23211418  47.12477207  020.23210387 1
112  47.12475921  020.23210453  47.12475385  020.23210938 1
116  47.12476005  020.23212621  47.12476581  020.23212976
120 Linear Feature 14
112  47.12419502  020.22604157  47.12420077  020.22604512 1
112  47.12420729  020.22602954  47.12420704  020.22601923 1
112  47.12419418  020.22601989  47.12418882  020.22602475 1
116  47.12419502  020.22604157  47.12420077  020.22604512
120 Linear Feature 14
112  47.12423154  020.22731719  47.12423729  020.22732075 1
112  47.12424381  020.22730517  47.12424356  020.22729486 1
112  47.12423070  020.22729552  47.12422534  020.22730037 1
116  47.12423154  020.22731719  47.12423729  020.22732075
120 Linear Feature 14
112  47.12427221  020.22850647  47.12427797  020.22851003 1
112  47.12428449  020.22849444  47.12428423  020.22848413 1
112  47.12427137  020.22848480  47.12426602  020.22848965 1
116  47.12427221  020.22850647  47.12427797  020.22851003
120 Linear Feature 14
112  47.12431236  020.22968898  47.12431812  020.22969254 1
112  47.12432464  020.22967695  47.12432439  020.22966664 1
112  47.12431153  020.22966731  47.12430617  020.22967216 1
116  47.12431236  020.22968898  47.12431812  020.22969254
120 Linear Feature 14
112  47.12421054  020.22672244  47.12421630  020.22672599 1
112  47.12422282  020.22671041  47.12422257  020.22670010 1
112  47.12420970  020.22670076  47.12420435  020.22670562 1
116  47.12421054  020.22672244  47.12421630  020.22672599
120 Linear Feature 14
112  47.12425149  020.22790656  47.12425724  020.22791012 1
112  47.12426376  020.22789453  47.12426351  020.22788422 1
112  47.12425065  020.22788488  47.12424529  020.22788974 1
116  47.12425149  020.22790656  47.12425724  020.22791012
120 Linear Feature 14
112  47.12429216  020.22909583  47.12429792  020.22909939 1
112  47.12430444  020.22908381  47.12430419  020.22907350 1
112  47.12429132  020.22907416  47.12428597  020.22907901 1
116  47.12429216  020.22909583  47.12429792  020.22909939
120 Linear Feature 14
112  47.12433231  020.23027834  47.12433807  020.23028190 1
112  47.12434459  020.23026632  47.12434434  020.23025601 1
112  47.12433147  020.23025667  47.12432612  020.23026152 1
116  47.12433231  020.23027834  47.12433807  020.23028190
120 Linear Feature 14
112  47.12426653  020.23086198  47.12427229  020.23086554 1
112  47.12427880  020.23084995  47.12427855  020.23083964 1
112  47.12426569  020.23084030  47.12426033  020.23084516 1
116  47.12426653  020.23086198  47.12427229  020.23086554
120 Linear Feature 14
112  47.12411343  020.23141484  47.12411919  020.23141840 1
112  47.12412571  020.23140281  47.12412545  020.23139250 1
112  47.12411259  020.23139317  47.12410724  020.23139802 1
116  47.12411343  020.23141484  47.12411919  020.23141840
120 Linear Feature 14
112  47.12396089  020.23196975  47.12396665  020.23197331 1
112  47.12397317  020.23195772  47.12397291  020.23194741 1
112  47.12396005  020.23194807  47.12395470  020.23195293 1
116  47.12396089  020.23196975  47.12396665  020.23197331
120 Linear Feature 14
112  47.12460908  020.23267286  47.12461484  020.23267642 1
112  47.12462136  020.23266084  47.12462110  020.23265053 1
112  47.12460824  020.23265119  47.12460288  020.23265604 1
116  47.12460908  020.23267286  47.12461484  020.23267642
120 Linear Feature 14
112  47.12499373  020.23291835  47.12499949  020.23292191 1
112  47.12500601  020.23290632  47.12500575  020.23289601 1
112  47.12499289  020.23289667  47.12498754  020.23290153 1
116  47.12499373  020.23291835  47.12499949  020.23292191
120 Linear Feature 14
112  47.12355077  020.23209750  47.12355653  020.23210106 1
112  47.12356305  020.23208548  47.12356280  020.23207517 1
112  47.12354994  020.23207583  47.12354458  020.23208068 1
116  47.12355077  020.23209750  47.12355653  020.23210106
120 Linear Feature 14
112  47.12317709  020.23188429  47.12318284  020.23188784 1
112  47.12318936  020.23187226  47.12318911  020.23186195 1
112  47.12317625  020.23186261  47.12317089  020.23186747 1
116  47.12317709  020.23188429  47.12318284  020.23188784
120 Linear Feature 22
111  47.11631436  020.22803589 1
115  47.11623165  020.22834405
120 Linear Feature 21
111  47.11968606  020.22993456 1
115  47.11953209  020.23019200
120 Linear Feature 20
111  47.12057307  020.23011300 1
115  47.12041116  020.23072362
120 Linear Feature 19
111  47.11885440  020.22949844 1
115  47.11876083  020.22975267
120 Linear Feature 18
111  47.11786791  020.22891858 1
115  47.11778664  020.22922999
120 Linear Feature 10
111  47.12096984  020.23122573 1
112  47.12107811  020.23121494  47.12113777  020.23117512 1
111  47.12115269  020.23111669 1
112  47.12115572  020.23125754  47.12117622  020.23134157 1
115  47.12121767  020.23136664
120 Linear Feature 10
111  47.11934925  020.23030105 1
112  47.11945751  020.23029025  47.11951718  020.23025044 1
111  47.11953209  020.23019200 1
112  47.11953513  020.23033285  47.11955562  020.23041688 1
115  47.11959707  020.23044196
120 Linear Feature 10
111  47.11857799  020.22986172 1
112  47.11868625  020.22985092  47.11874592  020.22981111 1
111  47.11876083  020.22975267 1
112  47.11876387  020.22989352  47.11878436  020.22997755 1
115  47.11882581  020.23000263
120 Linear Feature 10
111  47.11697105  020.22894894 1
112  47.11707932  020.22893814  47.11713899  020.22889833 1
111  47.11715390  020.22883989 1
112  47.11715693  020.22898074  47.11717743  020.22906477 1
115  47.11721888  020.22908985
120 Linear Feature 10
111  47.12513504  020.23359481 1
112  47.12521757  020.23358108  47.12526424  020.23354718 1
111  47.12527781  020.23349270 1
112  47.12527723  020.23361241  47.12529314  020.23367665 1
115  47.12533611  020.23370937
120 Linear Feature 10
111  47.12475695  020.23337836 1
112  47.12483948  020.23336463  47.12488615  020.23333074 1
111  47.12489972  020.23327625 1
112  47.12489914  020.23339596  47.12491505  020.23346021 1
115  47.12495802  020.23349293
120 Linear Feature 10
111  47.12400115  020.23294999 1
112  47.12408367  020.23293625  47.12413035  020.23290236 1
111  47.12414392  020.23284788 1
112  47.12414334  020.23296759  47.12415925  020.23303183 1
115  47.12420222  020.23306455
120 Linear Feature 10
111  47.12331399  020.23255752 1
112  47.12339652  020.23254378  47.12344319  020.23250989 1
111  47.12345676  020.23245541 1
112  47.12345618  020.23257511  47.12347209  020.23263936 1
115  47.12351507  020.23267208
120 Linear Feature 10
111  47.12294030  020.23234430 1
112  47.12302283  020.23233057  47.12306951  020.23229667 1
111  47.12308307  020.23224219 1
112  47.12308249  020.23236190  47.12309840  020.23242615 1
115  47.12314138  020.23245886
120 Linear Feature 10
111  47.12026838  020.23082573 1
112  47.12035091  020.23081200  47.12039759  020.23077811 1
111  47.12041116  020.23072362 1
112  47.12041058  020.23084333  47.12042648  020.23090758 1
115  47.12046946  020.23094030
120 Linear Feature 10
111  47.11764386  020.22933210 1
112  47.11772639  020.22931836  47.11777307  020.22928447 1
111  47.11778664  020.22922999 1
112  47.11778606  020.22934969  47.11780196  020.22941394 1
115  47.11784494  020.22944666
120 Linear Feature 10
111  47.11608888  020.22844616 1
112  47.11617140  020.22843243  47.11621808  020.22839853 1
111  47.11623165  020.22834405 1
112  47.11623107  020.22846376  47.11624698  020.22852801 1
115  47.11628995  020.22856072
120 Linear Feature 9
111  47.11522556  020.22817669 1
112  47.11531492  020.22808361  47.11538230  020.22804606 1
111  47.11544096  020.22807760 1
112  47.11534628  020.22796070  47.11531608  020.22787534 1
115  47.11532417  020.22780344
120 Linear Feature 8
111  47.11544096  020.22807760 1
115  47.12578534  020.23396480
120 Linear Feature 7
111  47.11462917  020.23045470 1
115  47.11532417  020.22780344
120 Linear Feature 17
111  47.12136583  020.23020058 1
115  47.12137280  020.23035594
120 Linear Feature 16
111  47.12157715  020.22954784 1
115  47.12157794  020.22963646
120 Linear Feature 15
111  47.12161126  020.22963180 1
115  47.12156842  020.22967494
120 Linear Feature 14
111  47.12172296  020.22926756 1
115  47.12166186  020.22934568
120 Linear Feature 13
111  47.12186340  020.22841515 1
115  47.12187134  020.22861922
120 Linear Feature 12
111  47.12192898  020.22841503 1
115  47.12115269  020.23111669
120 Linear Feature 2
111  47.12458468  020.23124932 1
112  47.12458986  020.23132853  47.12459959  020.23136923 1
111  47.12461978  020.23138517 1
112  47.12457433  020.23139119  47.12454626  020.23140494 1
115  47.12453226  020.23143662
120 Linear Feature 2
111  47.12443180  020.23180499 1
112  47.12443698  020.23188420  47.12444671  020.23192490 1
111  47.12446690  020.23194084 1
112  47.12442145  020.23194686  47.12439339  020.23196061 1
115  47.12437938  020.23199229
120 Linear Feature 2
111  47.12428083  020.23235165 1
112  47.12428601  020.23243086  47.12429574  020.23247156 1
111  47.12431593  020.23248750 1
112  47.12427049  020.23249352  47.12424242  020.23250727 1
115  47.12422842  020.23253895
120 Linear Feature 1
111  47.12474729  020.22508138 1
111  47.12461411  020.22585509 1
112  47.12459276  020.22604212  47.12458492  020.22615285 1
111  47.12459122  020.22625571 1
111  47.12473290  020.23039551 1
112  47.12472486  020.23066087  47.12471127  020.23081067 1
111  47.12466744  020.23095056 1
115  47.12414392  020.23284788
120 Linear Feature 7
111  47.12452689  020.22607459 1
115  47.12420710  020.22603208
120 Linear Feature 7
111  47.12455713  020.22728775 1
115  47.12424381  020.22730517
120 Linear Feature 7
111  47.12459781  020.22847703 1
115  47.12428449  020.22849444
120 Linear Feature 7
111  47.12463796  020.22965954 1
115  47.12432464  020.22967695
120 Linear Feature 7
111  47.12453614  020.22669299 1
115  47.12422282  020.22671041
120 Linear Feature 7
111  47.12457708  020.22787711 1
115  47.12426376  020.22789453
120 Linear Feature 7
111  47.12461776  020.22906639 1
115  47.12430444  020.22908381
120 Linear Feature 7
111  47.12465791  020.23024890 1
115  47.12434459  020.23026632
120 Linear Feature 6
111  47.12459779  020.22597796 1
112  47.12457221  020.22604345  47.12455327  020.22607189 1
111  47.12452689  020.22607459 1
112  47.12457005  020.22611777  47.12458698  020.22614922 1
115  47.12458912  020.22619367
120 Linear Feature 6
111  47.12462350  020.22717842 1
112  47.12460162  020.22725238  47.12458268  020.22728081 1
111  47.12455713  020.22728775 1
112  47.12460441  020.22731762  47.12462211  020.22734001 1
115  47.12463006  020.22737779
120 Linear Feature 6
111  47.12466418  020.22836769 1
112  47.12464230  020.22844165  47.12462336  020.22847009 1
111  47.12459781  020.22847703 1
112  47.12464508  020.22850690  47.12466279  020.22852929 1
115  47.12467074  020.22856706
120 Linear Feature 6
111  47.12470433  020.22955020 1
112  47.12468245  020.22962416  47.12466351  020.22965260 1
111  47.12463796  020.22965954 1
112  47.12468524  020.22968941  47.12470294  020.22971180 1
115  47.12471089  020.22974957
120 Linear Feature 6
111  47.12460251  020.22658366 1
112  47.12458063  020.22665762  47.12456169  020.22668606 1
111  47.12453614  020.22669299 1
112  47.12458341  020.22672287  47.12460112  020.22674525 1
115  47.12460907  020.22678303
120 Linear Feature 6
111  47.12464345  020.22776778 1
112  47.12462157  020.22784174  47.12460263  020.22787018 1
111  47.12457708  020.22787711 1
112  47.12462436  020.22790699  47.12464206  020.22792937 1
115  47.12465001  020.22796715
120 Linear Feature 6
111  47.12468413  020.22895706 1
112  47.12466225  020.22903102  47.12464331  020.22905945 1
111  47.12461776  020.22906639 1
112  47.12466503  020.22909626  47.12468274  020.22911865 1
115  47.12469069  020.22915643
120 Linear Feature 6
111  47.12472428  020.23013957 1
112  47.12470240  020.23021353  47.12468346  020.23024196 1
111  47.12465791  020.23024890 1
112  47.12470519  020.23027877  47.12472289  020.23030116 1
115  47.12473084  020.23033894
120 Linear Feature 5
111  47.12427791  020.23085620 1
115  47.12457050  020.23103477
120 Linear Feature 5
111  47.12412482  020.23140906 1
115  47.12441740  020.23158763
120 Linear Feature 5
111  47.12397228  020.23196397 1
115  47.12426486  020.23214254
120 Linear Feature 4
111  47.12465654  020.23099181 1
112  47.12461866  020.23103356  47.12459602  020.23104687 1
111  47.12457050  020.23103477 1
112  47.12460466  020.23108922  47.12461701  020.23112915 1
115  47.12461125  020.23115457
120 Linear Feature 4
111  47.12450344  020.23154467 1
112  47.12446556  020.23158642  47.12444292  020.23159973 1
111  47.12441740  020.23158763 1
112  47.12445157  020.23164208  47.12446392  020.23168202 1
115  47.12445815  020.23170743
120 Linear Feature 4
111  47.12435090  020.23209958 1
112  47.12431302  020.23214133  47.12429038  020.23215464 1
111  47.12426486  020.23214254 1
112  47.12429903  020.23219699  47.12431138  020.23223693 1
115  47.12430561  020.23226234
120 Linear Feature 13
111  47.12459075  020.22626981 1
112  47.12462133  020.22634612  47.12464760  020.22637607 1
111  47.12467024  020.22637873 1
112  47.12462450  020.22641534  47.12460095  020.22644795 1
115  47.12459824  020.22649853
120 Linear Feature 13
111  47.12461185  020.22686599 1
112  47.12464243  020.22694230  47.12466869  020.22697225 1
111  47.12469134  020.22697491 1
112  47.12464560  020.22701152  47.12462205  020.22704413 1
115  47.12461933  020.22709471
120 Linear Feature 13
111  47.12465180  020.22805125 1
112  47.12468238  020.22812756  47.12470864  020.22815751 1
111  47.12473129  020.22816017 1
112  47.12468555  020.22819678  47.12466200  020.22822939 1
115  47.12465928  020.22827997
120 Linear Feature 13
111  47.12469307  020.22923710 1
112  47.12472365  020.22931341  47.12474991  020.22934336 1
111  47.12477255  020.22934602 1
112  47.12472682  020.22938263  47.12470327  020.22941524 1
115  47.12470055  020.22946582
120 Linear Feature 13
111  47.12463300  020.22745788 1
112  47.12466329  020.22753226  47.12468956  020.22756221 1
111  47.12471220  020.22756487 1
112  47.12466646  020.22760148  47.12464291  020.22763409 1
115  47.12464020  020.22768467
120 Linear Feature 13
111  47.12467295  020.22864314 1
112  47.12470324  020.22871752  47.12472951  020.22874747 1
111  47.12475215  020.22875013 1
112  47.12470641  020.22878674  47.12468286  020.22881935 1
115  47.12468015  020.22886993
120 Linear Feature 13
111  47.12471329  020.22982863 1
112  47.12474451  020.22990337  47.12477078  020.22993332 1
111  47.12479342  020.22993598 1
112  47.12474768  020.22997259  47.12472413  020.23000520 1
115  47.12472142  020.23005578
120 Linear Feature 12
111  47.12497894  020.22636446 1
115  47.12467024  020.22637873
120 Linear Feature 12
111  47.12500004  020.22696064 1
115  47.12469134  020.22697491
120 Linear Feature 12
111  47.12503999  020.22814590 1
115  47.12473129  020.22816017
120 Linear Feature 12
111  47.12508126  020.22933175 1
115  47.12477255  020.22934602
120 Linear Feature 12
111  47.12502090  020.22755060 1
115  47.12471220  020.22756487
120 Linear Feature 12
111  47.12506086  020.22873586 1
115  47.12475215  020.22875013
120 Linear Feature 12
111  47.12510212  020.22992171 1
115  47.12479342  020.22993598
120 Linear Feature 5
111  47.12841378  020.23450622 1
111  47.12825810  020.23510619 1
112  47.12802466  020.23523568  47.12785072  020.23513487 1
111  47.12792073  020.23491707 1
111  47.12807642  020.23431711 1
114  47.12831312  020.23417474  47.12847486  020.23426266 1
120 Linear Feature 5
111  47.12807670  020.23431600 1
111  47.12792101  020.23491597 1
112  47.12768758  020.23504546  47.12751364  020.23494464 1
111  47.12758365  020.23472685 1
111  47.12773934  020.23412688 1
114  47.12797604  020.23398452  47.12813777  020.23407244 1
120 Linear Feature 5
111  47.12773934  020.23412688 1
111  47.12758365  020.23472685 1
112  47.12735022  020.23485634  47.12717627  020.23475553 1
111  47.12724426  020.23453458 1
111  47.12739995  020.23393461 1
114  47.12763868  020.23379540  47.12780041  020.23388333 1
120 Linear Feature 5
111  47.12739995  020.23393461 1
111  47.12724426  020.23453458 1
112  47.12699554  020.23465179  47.12681334  020.23455097 1
111  47.12688790  020.23429095 1
111  47.12703137  020.23375093 1
114  47.12727785  020.23359311  47.12746648  020.23369077 1
120 Linear Feature 5
111  47.12902661  020.23363437 1
111  47.12887092  020.23423434 1
112  47.12864850  020.23436730  47.12848677  020.23427937 1
111  47.12853356  020.23404523 1
111  47.12868924  020.23344526 1
114  47.12892626  020.23331874  47.12909721  020.23341293 1
120 Linear Feature 5
111  47.12869123  020.23344181 1
111  47.12853554  020.23404178 1
112  47.12831312  020.23417474  47.12815139  020.23408682 1
111  47.12819818  020.23385267 1
111  47.12835387  020.23325270 1
114  47.12859088  020.23312618  47.12876182  020.23322038 1
120 Linear Feature 5
111  47.12835415  020.23325159 1
111  47.12819846  020.23385156 1
112  47.12797604  020.23398452  47.12781431  020.23389659 1
111  47.12786110  020.23366245 1
111  47.12801678  020.23306248 1
114  47.12825380  020.23293596  47.12842474  020.23303015 1
120 Linear Feature 5
111  47.12801678  020.23306248 1
111  47.12786110  020.23366245 1
112  47.12763868  020.23379540  47.12747694  020.23370748 1
111  47.12752657  020.23347590 1
111  47.12768226  020.23287594 1
114  47.12791644  020.23274684  47.12808738  020.23284104 1
120 Linear Feature 5
111  47.12768226  020.23287594 1
111  47.12752657  020.23347590 1
112  47.12727785  020.23359311  47.12709566  020.23349230 1
111  47.12717021  020.23323227 1
111  47.12731368  020.23269226 1
114  47.12756176  020.23254229  47.12775039  020.23263995 1
120 Linear Feature 4
111  47.12851842  020.22972011 1
111  47.12813903  020.23040219 1
111  47.12801899  020.23049985 1
111  47.12783146  020.23083659 1
112  47.12778872  020.23092716  47.12777632  020.23095841 1
111  47.12774658  020.23106878 1
115  47.12618715  020.23692381
120 Linear Feature 11
111  47.12641050  020.23764273 20
112  47.12620285  020.23733126  47.12614060  020.23707586 20
111  47.12618715  020.23692381 20
112  47.12598301  020.23721229  47.12581961  020.23731330 20
115  47.12569602  020.23724093
120 Linear Feature 10
111  47.12871407  020.23563052 1
112  47.12859784  020.23548957  47.12856724  020.23539607 1
111  47.12859220  020.23528075 1
112  47.12849654  020.23542602  47.12843212  020.23546626 1
111  47.12836130  020.23542816 1
112  47.12825661  020.23529580  47.12823407  020.23519638 1
115  47.12825810  020.23510619
120 Linear Feature 9
111  47.12873913  020.23472304 1
115  47.12859220  020.23528075
120 Linear Feature 8
111  47.12688790  020.23429095 1
112  47.12679947  020.23444562  47.12672640  020.23449431 1
111  47.12666112  020.23446280 1
112  47.12675465  020.23459741  47.12677804  020.23468190 1
111  47.12675952  020.23477211 1
112  47.12685013  020.23465183  47.12693490  020.23460600 1
115  47.12699554  020.23465179
120 Linear Feature 7
111  47.12892626  020.23331874 1
111  47.12756176  020.23254229 1
112  47.12744947  020.23240156  47.12741835  020.23229863 1
115  47.12743965  020.23222028
120 Linear Feature 6
111  47.12864850  020.23436730 1
115  47.12727785  020.23359311
120 Linear Feature 3
111  47.12578534  020.23396480 1
111  47.13175185  020.23735731 1
112  47.13187543  020.23751698  47.13191343  020.23763298 1
111  47.13186597  020.23777038 1
115  47.13129243  020.23993910
120 Linear Feature 2
111  47.12499362  020.23292049 1
115  47.12489972  020.23327625
120 Linear Feature 2
111  47.12537301  020.23313313 1
115  47.12527781  020.23349270
120 Linear Feature 2
111  47.12355072  020.23209770 1
115  47.12345669  020.23245638
120 Linear Feature 2
111  47.12317710  020.23188350 1
115  47.12308307  020.23224219
120 Linear Feature 20
111  47.12612713  020.23386167 20
115  47.12607788  020.23405049
120 Linear Feature 20
111  47.12642579  020.23403058 20
115  47.12637711  020.23421799
120 Linear Feature 19
111  47.12592724  020.23386001 1
115  47.12593856  020.23381341
120 Linear Feature 18
111  47.12602745  020.23386521 1
115  47.12604159  020.23381496
120 Linear Feature 17
111  47.12620546  020.23401769 1
115  47.12621843  020.23397264
120 Linear Feature 16
111  47.12630921  020.23402462 1
115  47.12632453  020.23397090
120 Linear Feature 15
111  47.12651552  020.23414071 1
115  47.12650019  020.23419269
120 Linear Feature 14
111  47.12661926  020.23414071 1
115  47.12660393  020.23419442
120 Linear Feature 12
111  47.12671691  020.23419992 20
111  47.12666902  020.23438106 20
111  47.12579877  020.23389433 20
115  47.12584678  020.23370737
120 Linear Feature 13
111  47.12682116  020.23443447 1
112  47.12678074  020.23432665  47.12674655  020.23427121 1
111  47.12669957  020.23424910 1
111  47.12594326  020.23381554 1
112  47.12586513  020.23381641  47.12582323  020.23383503 1
112  47.12575214  020.23388902  47.12570050  020.23391623 1
115  47.12565687  020.23389252
120 Linear Feature 22
111  47.12769230  020.23076036 1
111  47.12666113  020.22958899 1
112  47.12640614  020.22919972  47.12630172  020.22897090 1
111  47.12627685  020.22854842 1
111  47.12621188  020.22657511 1
112  47.12604492  020.22572336  47.12587909  020.22535985 1
111  47.12555317  020.22521829 1
111  47.12352306  020.22446169 1
112  47.12341729  020.22445238  47.12336879  020.22445657 1
111  47.12329307  020.22447765 1
111  47.11616440  020.22658813 1
112  47.11561248  020.22708754  47.11537429  020.22749335 1
115  47.11532417  020.22780344
120 Linear Feature 21
111  47.12789550  020.23072311 1
112  47.12779512  020.23079944  47.12772921  020.23082015 1
111  47.12769230  020.23076036 1
112  47.12774936  020.23089169  47.12776709  020.23097386 1
115  47.12774658  020.23106878
120 Linear Feature 24
111  47.12577431  020.22576786 20
115  47.12580870  020.22571265
120 Linear Feature 24
111  47.12577831  020.22588617 20
115  47.12581271  020.22583096
120 Linear Feature 24
111  47.12578581  020.22612058 20
115  47.12582020  020.22606537
120 Linear Feature 24
111  47.12582553  020.22736481 20
115  47.12585993  020.22730960
120 Linear Feature 24
111  47.12580546  020.22674204 20
115  47.12583985  020.22668683
120 Linear Feature 24
111  47.12584518  020.22798627 20
115  47.12587957  020.22793106
120 Linear Feature 24
111  47.12579601  020.22643435 20
115  47.12582985  020.22637914
120 Linear Feature 24
111  47.12583573  020.22767858 20
115  47.12586957  020.22762337
120 Linear Feature 24
111  47.12581566  020.22705581 20
115  47.12584950  020.22700061
120 Linear Feature 24
111  47.12585538  020.22830004 20
115  47.12588922  020.22824483
120 Linear Feature 24
111  47.12578273  020.22604358 20
115  47.12581712  020.22598837
120 Linear Feature 24
111  47.12579023  020.22627799 20
115  47.12582462  020.22622278
120 Linear Feature 24
111  47.12582995  020.22752222 20
115  47.12586434  020.22746701
120 Linear Feature 24
111  47.12580988  020.22689946 20
115  47.12584427  020.22684425
120 Linear Feature 24
111  47.12584960  020.22814368 20
115  47.12588399  020.22808848
120 Linear Feature 24
111  47.12580036  020.22659176 20
115  47.12583420  020.22653655
120 Linear Feature 24
111  47.12584008  020.22783599 20
115  47.12587392  020.22778078
120 Linear Feature 24
111  47.12582001  020.22721323 20
115  47.12585384  020.22715802
120 Linear Feature 24
111  47.12585973  020.22845746 20
115  47.12589356  020.22840225
120 Linear Feature 24
111  47.12577684  020.22584543 20
115  47.12581123  020.22579022
120 Linear Feature 24
111  47.12578084  020.22596373 20
115  47.12581523  020.22590853
120 Linear Feature 24
111  47.12578834  020.22619814 20
115  47.12582273  020.22614293
120 Linear Feature 24
111  47.12582806  020.22744237 20
115  47.12586245  020.22738716
120 Linear Feature 24
111  47.12580798  020.22681961 20
115  47.12584237  020.22676440
120 Linear Feature 24
111  47.12584770  020.22806384 20
115  47.12588210  020.22800863
120 Linear Feature 24
111  47.12579850  020.22651191 20
115  47.12583233  020.22645671
120 Linear Feature 24
111  47.12583822  020.22775614 20
115  47.12587206  020.22770093
120 Linear Feature 24
111  47.12581814  020.22713338 20
115  47.12585198  020.22707817
120 Linear Feature 24
111  47.12585787  020.22837761 20
115  47.12589170  020.22832240
120 Linear Feature 24
111  47.12579275  020.22635556 20
115  47.12582715  020.22630035
120 Linear Feature 24
111  47.12583248  020.22759978 20
115  47.12586687  020.22754458
120 Linear Feature 24
111  47.12581240  020.22697702 20
115  47.12584679  020.22692181
120 Linear Feature 24
111  47.12585212  020.22822125 20
115  47.12588651  020.22816604
120 Linear Feature 24
111  47.12580284  020.22666933 20
115  47.12583668  020.22661412
120 Linear Feature 24
111  47.12584256  020.22791356 20
115  47.12587640  020.22785835
120 Linear Feature 24
111  47.12582249  020.22729079 20
115  47.12585633  020.22723558
120 Linear Feature 24
111  47.12586221  020.22853502 20
115  47.12589605  020.22847981
120 Linear Feature 24
111  47.12577652  020.22580436 20
115  47.12581091  020.22574915
120 Linear Feature 24
111  47.12578052  020.22592267 20
115  47.12581491  020.22586746
120 Linear Feature 24
111  47.12578802  020.22615708 20
115  47.12582241  020.22610187
120 Linear Feature 24
111  47.12582774  020.22740131 20
115  47.12586213  020.22734610
120 Linear Feature 24
111  47.12580767  020.22677854 20
115  47.12584206  020.22672334
120 Linear Feature 24
111  47.12584739  020.22802277 20
115  47.12588178  020.22796756
120 Linear Feature 24
111  47.12579819  020.22647085 20
115  47.12583202  020.22641564
120 Linear Feature 24
111  47.12583791  020.22771508 20
115  47.12587175  020.22765987
120 Linear Feature 24
111  47.12581783  020.22709232 20
115  47.12585167  020.22703711
120 Linear Feature 24
111  47.12585755  020.22833654 20
115  47.12589139  020.22828133
120 Linear Feature 24
111  47.12578494  020.22608008 20
115  47.12581933  020.22602487
120 Linear Feature 24
111  47.12579244  020.22631449 20
115  47.12582683  020.22625928
120 Linear Feature 24
111  47.12583216  020.22755872 20
115  47.12586655  020.22750351
120 Linear Feature 24
111  47.12581209  020.22693596 20
115  47.12584648  020.22688075
120 Linear Feature 24
111  47.12585181  020.22818019 20
115  47.12588620  020.22812498
120 Linear Feature 24
111  47.12580253  020.22662826 20
115  47.12583637  020.22657305
120 Linear Feature 24
111  47.12584225  020.22787249 20
115  47.12587609  020.22781728
120 Linear Feature 24
111  47.12582218  020.22724973 20
115  47.12585602  020.22719452
120 Linear Feature 24
111  47.12586190  020.22849396 20
115  47.12589574  020.22843875
120 Linear Feature 24
111  47.12578305  020.22600024 20
115  47.12581744  020.22594503
120 Linear Feature 24
111  47.12579055  020.22623465 20
115  47.12582494  020.22617944
120 Linear Feature 24
111  47.12583027  020.22747887 20
115  47.12586466  020.22742366
120 Linear Feature 24
111  47.12581019  020.22685611 20
115  47.12584458  020.22680090
120 Linear Feature 24
111  47.12584991  020.22810034 20
115  47.12588431  020.22804513
120 Linear Feature 24
111  47.12580067  020.22654842 20
115  47.12583451  020.22649321
120 Linear Feature 24
111  47.12584039  020.22779264 20
115  47.12587423  020.22773744
120 Linear Feature 24
111  47.12582032  020.22716988 20
115  47.12585415  020.22711467
120 Linear Feature 24
111  47.12586004  020.22841411 20
115  47.12589388  020.22835890
120 Linear Feature 24
111  47.12579496  020.22639206 20
115  47.12582936  020.22633685
120 Linear Feature 24
111  47.12583468  020.22763629 20
115  47.12586908  020.22758108
120 Linear Feature 24
111  47.12581461  020.22701352 20
115  47.12584900  020.22695832
120 Linear Feature 24
111  47.12585433  020.22825775 20
115  47.12588872  020.22820254
120 Linear Feature 24
111  47.12580502  020.22670583 20
115  47.12583885  020.22665062
120 Linear Feature 24
111  47.12584474  020.22795006 20
115  47.12587858  020.22789485
120 Linear Feature 24
111  47.12582466  020.22732729 20
115  47.12585850  020.22727209
120 Linear Feature 24
111  47.12586438  020.22857152 20
115  47.12589822  020.22851631
120 Linear Feature 23
111  47.12586385  020.22857212 20
115  47.12577431  020.22576786
120 Linear Feature 25
111  47.12487457  020.22496474 1
112  47.12479525  020.22498210  47.12475985  020.22501320 1
111  47.12474729  020.22508138 1
112  47.12474209  020.22496340  47.12472432  020.22491361 1
115  47.12467775  020.22489137
120 Linear Feature 12
111  47.12537182  020.23313479 1
115  47.12527781  020.23349270
120 Linear Feature 12
111  47.12499373  020.23291835 1
115  47.12489972  020.23327625
120 Linear Feature 12
111  47.12355077  020.23209750 1
115  47.12345676  020.23245541
120 Linear Feature 12
111  47.12317709  020.23188429 1
115  47.12308307  020.23224219
120 Linear Feature 3
111  47.12490895  020.23155396 1
115  47.12461978  020.23138517
120 Linear Feature 3
111  47.12475607  020.23210963 1
115  47.12446690  020.23194084
120 Linear Feature 3
111  47.12460511  020.23265629 1
115  47.12431593  020.23248750
120 Linear Feature 11
111  47.12479987  020.23069016 1
115  47.12510280  020.23076982
120 Linear Feature 10
111  47.12473112  020.23056915 1
112  47.12474964  020.23064539  47.12476817  020.23067866 1
111  47.12479987  020.23069016 1
112  47.12474717  020.23070650  47.12472041  020.23072767 1
115  47.12471259  020.23075611
54 13025 Szolnok TWR
99
