#generated by getgt
#debug
#water
#ICAO 47.422922223 19.267519241

#trak1
route 20 0 0 Objects/Vehicles/tracteur_1.obj
47.422922223 19.267519241
47.422896108 19.267694683
47.422855749 19.268066619
47.422794024 19.268515750
47.422630213 19.269578925
47.422554243 19.270003492
47.422376189 19.270624553
47.422134034 19.271280701
47.421877636 19.271908775
47.421709286 19.272284158
47.421352379 19.273042045
47.421118543 19.273430077
47.420876503 19.273854491
47.420642667 19.274115198
47.420265248 19.274697242
47.419966923 19.275164588
47.419783793 19.275452688
47.419553403 19.275801900
47.419222587 19.276316988
47.418903586 19.276849536
47.418478251 19.277504309
47.418041101 19.278176503
47.417757545 19.278639195
47.417509433 19.278970937
47.417273136 19.279389979
47.417031916 19.279781423
47.417007301 19.279897824
47.417046684 19.279948750
47.417273136 19.279606821
47.417568791 19.279116054
47.417869632 19.278631040
47.418259359 19.278029819
47.418631991 19.277463965
47.419028555 19.276847574
47.419370420 19.276372654
47.419787495 19.275660259
47.419999452 19.275372273
47.420290037 19.274927645
47.420621646 19.274422399
47.420871208 19.274058606
47.421332725 19.273280506
47.421695102 19.272552927
47.422153201 19.271572713
47.422454043 19.270799652
47.422638650 19.270067010
47.422792489 19.269349524
47.422891630 19.268697722
47.422963422 19.268106554
47.423001027 19.267803390
47.423062563 19.267747810
47.423130936 19.267697283
47.423144610 19.267752863
47.423134354 19.267874128
47.423093330 19.268020657
47.423048888 19.268192450
47.422973678 19.268520877
47.422942910 19.268758355
47.422918979 19.269031202
47.422857444 19.269359629
47.422799326 19.269647634
47.422751465 19.269955850
47.422683092 19.270218592
47.422611301 19.270526808
47.422491648 19.270966391
47.422392507 19.271219024
47.422255761 19.271562606
47.422112178 19.271885976
47.421859198 19.272441764
47.421739545 19.272704499
47.421507077 19.273169337
47.421418192 19.273396702
47.421192561 19.273826170
47.420925906 19.274366789
47.420792579 19.274498154
47.420584041 19.274690148
47.420300293 19.275160029
47.420119104 19.275427806
47.419975521 19.275650111
47.419762197 19.276031077
47.419491440 19.276419092
47.419060690 19.277116307
47.418810445 19.277425506
47.418350978 19.278116656
47.418145859 19.278498604
47.417985866 19.278704735
47.417756133 19.279074557
47.417239233 19.279862704
47.417124367 19.280068835
47.417021807 19.280268903
47.417016337 19.280370000
47.417030012 19.280460940
47.417098385 19.280481149
47.417156502 19.280450835
47.417334272 19.280087075
47.417576996 19.279652583
47.418041932 19.278869497
47.418394053 19.278283431
47.418852153 19.277591269
47.419053853 19.277313390
47.419347857 19.276833418
47.419508533 19.276641427
47.419870910 19.275989668
47.420096541 19.275696624
47.420311916 19.275393477
47.420517035 19.275060009
47.420684549 19.274827594
47.420875994 19.274670967
47.421036670 19.274337493
47.421371698 19.273736233
47.421863984 19.272654977
47.422096452 19.272134547
47.422486178 19.271321063
47.422592156 19.271007795
47.422722065 19.270401471
47.422828043 19.269956832
47.422995557 19.269203973
47.423033162 19.268860387
47.423118628 19.268213636
47.423169908 19.267905419
47.423234863 19.267834681
47.423303236 19.267814470
47.423313491 19.267885209
47.423303236 19.267991316
47.423251956 19.268097423
47.423180164 19.268324797
47.423118628 19.268749226
47.423043418 19.269224184
47.422992138 19.269567770
47.422903253 19.270179151
47.422780182 19.270563158
47.422677622 19.271017903
47.422516946 19.271432227
47.422065684 19.272447822
47.421785355 19.273094559
47.421470839 19.273741298
47.421269138 19.274180874
47.421094787 19.274554769
47.420896506 19.274938762
47.420674293 19.275095393
47.420441825 19.275555174
47.420229869 19.275833062
47.419993982 19.276186737
47.419836724 19.276403991
47.419665791 19.276676821
47.419453835 19.277081015
47.419320508 19.277394262
47.419142738 19.277596356
47.418971805 19.277914654
47.418729081 19.278126853
47.418476101 19.278450200
47.418219702 19.278935221
47.417956466 19.279430342
47.417771859 19.279713266
47.417580415 19.280016400
47.417419738 19.280284168
47.417334272 19.280491309
47.417334272 19.280637824
47.417371877 19.280713607
47.417460762 19.280647928
47.417594089 19.280370056
47.418130817 19.279344454
47.418541055 19.278677554
47.418804291 19.278258212
47.418992317 19.278040963
47.419207692 19.277818661
47.419552976 19.277136586
47.419812793 19.276686923
47.419997400 19.276383779
47.420216194 19.276105897
47.420510198 19.275711791
47.420650363 19.275423800
47.420783690 19.275196438
47.420971716 19.275054968
47.421163160 19.274625492
47.421689632 19.273559393
47.422660529 19.271401901
47.422821206 19.270987575
47.422961370 19.270416613
47.423139140 19.269421217
47.423214351 19.268946256
47.423296398 19.268324765
47.423344259 19.268082232
47.423395539 19.267945807
47.423446819 19.267920543
47.423484424 19.267960966
47.423494680 19.268041810
47.423491261 19.268208552
47.423426307 19.268506665
47.423255374 19.269552590
47.423104954 19.270148817
47.422927184 19.270901679
47.422660529 19.271629275
47.422192174 19.272634770
47.421060601 19.275166145
47.420910180 19.275383405
47.420698224 19.275681504
47.420308498 19.276434332
47.420058936 19.276646535
47.419894841 19.276894105
47.419611093 19.277505453
47.419368369 19.277909644
47.419098295 19.278455303
47.418954712 19.278541193
47.418753012 19.278707920
47.418599172 19.278970641
47.418441914 19.279349565
47.418339355 19.279536501
47.418356448 19.279718385
47.418435077 19.279728490
47.418616266 19.279506187
47.418787198 19.279137368
47.418982061 19.278803914
47.419204274 19.278490670
47.419559813 19.277798496
47.419802537 19.277439776
47.420007656 19.277050741
47.420168333 19.276777911
47.420438406 19.276388868
47.420619595 19.276100877
47.420817877 19.275701730
47.421193928 19.275115634
47.421381954 19.274772061
47.421863984 19.273625119
47.422308408 19.272660062
47.422530621 19.272169953
47.422848555 19.271508044
47.422995557 19.271007823
47.423197257 19.270330756
47.423354515 19.269552627
47.423460493 19.269092825
47.423508355 19.268633024
47.423559634 19.268223749
47.423610914 19.268097430
47.423713474 19.268107536
47.423740823 19.268259119
47.423703218 19.268516810
47.423624589 19.268936190
47.423398958 19.269901268
47.423238281 19.270548023
47.423019488 19.271305935
47.422872486 19.271720260
47.422099871 19.273387647
47.421347767 19.275085328
47.421067438 19.275535009
47.420708480 19.276196889
47.420335847 19.276808249
47.420052099 19.277333702
47.419785444 19.277914732
47.419518789 19.278475556
47.419235041 19.279041418
47.418923944 19.279405186
47.418811129 19.279652751
47.418776942 19.279880106
47.418845315 19.279986205
47.419047016 19.279960944
47.419241879 19.279698222
47.423886156 19.269883409
47.424043142 19.269451667
47.424185267 19.268946575
47.424119548 19.268503156
47.423737666 19.267947784
47.423250096 19.267683823



#trak2
route 20.0 0 0 Objects/Vehicles/tracteur_3.obj
47.423731060 19.275866126
47.421737303 19.280173310
47.421742226 19.280246067
47.421771763 19.280296996
47.421825914 19.280224240
47.423790134 19.276026190
47.423834440 19.276033466
47.423849209 19.276091671
47.423819671 19.276164428
47.421875143 19.280289721
47.421865297 19.280362477
47.421880066 19.280427958
47.421939140 19.280398855
47.423908283 19.276157152
47.423967357 19.276171703
47.423982126 19.276222633
47.423947666 19.276331768
47.421988369 19.280435234
47.421993292 19.280493439
47.422037597 19.280537093
47.424001817 19.276368146
47.424055969 19.276331768
47.424115043 19.276339043
47.424119966 19.276448178
47.424070737 19.276564588
47.422121286 19.280602573
47.422136054 19.280646227
47.422175437 19.280682606
47.422249280 19.280588022
47.424159349 19.276499108
47.424203654 19.276477281
47.424218423 19.276535486
47.422264049 19.280682606
47.422264049 19.280733535
47.422293586 19.280777189
47.424208577 19.276673723
47.424262729 19.276528210
47.424080583 19.276164428
47.423888591 19.275982537


#trak3
route 20 0 0 Objects/Vehicles/tracteur_1.obj
47.421540389 19.280522540
47.419330026 19.285244346
47.419344795 19.285302550
47.419379255 19.285317101
47.421614232 19.280617121
47.421653614 19.280617121
47.421683152 19.280660775
47.421624077 19.280813560
47.419487557 19.285317101
47.419502326 19.285404407
47.419546632 19.285397131
47.421752072 19.280784458
47.421791454 19.280820836
47.421806223 19.280864489
47.421776686 19.280944519
47.419620475 19.285404407
47.419620475 19.285448060
47.419645089 19.285520815
47.419704163 19.285455336
47.421825914 19.280973621
47.421865297 19.280951795
47.421894834 19.280973621
47.421880066 19.281031826
47.419758315 19.285477162
47.419763237 19.285557193
47.419797697 19.285586295
47.419876463 19.285411682
47.421914526 19.281053652
47.421963754 19.281053652
47.421978523 19.281075479
47.421953909 19.281162785
47.419866617 19.285557193
47.419866617 19.285615397
47.419901077 19.285666325
47.419945383 19.285608121
47.422057289 19.281177336
47.422106517 19.281191887
47.422106517 19.281264642
47.419989689 19.285600846
47.419979843 19.285651774
47.419999535 19.285680876
47.422165592 19.281315570
47.422170514 19.281184611
47.421889912 19.280828111




#trak4
route 20 0 0 Objects/Vehicles/tracteur_1.obj
47.420012542 19.285751734
47.422083674 19.281646549
47.423243166 19.279128623
47.424365623 19.276656962
47.424433996 19.276602223
47.424482427 19.276690647
47.424468183 19.276766439
47.424399810 19.276913813
47.422235508 19.281538189
47.420075604 19.285768476
47.420069906 19.285809769
47.420081302 19.285839242
47.420124035 19.285835031
47.420161070 19.285738192
47.422015141 19.282131502
47.422861873 19.280458087
47.424515953 19.276863803
47.424594718 19.276863803
47.424678407 19.276958390
47.424629178 19.277052977
47.424501184 19.277293083
47.422394201 19.281520382
47.421399784 19.283462962
47.420203530 19.285791132
47.420198607 19.285863887
47.420247836 19.285907540
47.420306910 19.285805683
47.422266207 19.281985998
47.423472307 19.279628625
47.424570104 19.277351241
47.424683330 19.277103858
47.424776864 19.277089306
47.424826093 19.277162066
47.424816247 19.277271206
47.424683330 19.277496761
47.423659376 19.279410354
47.423122784 19.280509013
47.422694496 19.281353014
47.422123444 19.282415283
47.421788690 19.283113752
47.421311173 19.284015940
47.420922267 19.284736225
47.420661356 19.285260068
47.420479210 19.285609297
47.420375830 19.285827565
47.420361062 19.285951250
47.420400444 19.285980353
47.420474287 19.285885770
47.422532041 19.281876872
47.423816907 19.279424898
47.424570104 19.277984264
47.424875321 19.277373086
47.424959010 19.277343982
47.425032853 19.277380362
47.425032853 19.277460397
47.424954087 19.277562260
47.424643947 19.278086127
47.423777524 19.279766874
47.422532041 19.282044225
47.422000373 19.283077373
47.421266867 19.284503403
47.420848424 19.285361924
47.420503824 19.285973074
47.420498902 19.286031278
47.420567822 19.286009452
47.421143796 19.285085451
47.421990527 19.283259260
47.423083401 19.281163848
47.423994130 19.279664994
47.424845784 19.277976982
47.425067313 19.277671394
47.425205153 19.277584083
47.425278995 19.277715050
47.425214998 19.277846016
47.424826093 19.278384433
47.423900596 19.280036066
47.423201550 19.281207493
47.422758493 19.281935075
47.422364664 19.282728142
47.422138213 19.283142859
47.421803459 19.283790399
47.421749307 19.283935914
47.421719770 19.284066877
47.421788690 19.284066877
47.421901916 19.283812227
47.422896333 19.282007831
47.423954747 19.280232513
47.424875321 19.278660872
47.425254381 19.278086064
47.425416835 19.277744090
47.425357761 19.277503980
47.424698098 19.276805544
47.424383036 19.276514510
47.424259964 19.276689130
47.423034173 19.279410333
47.422249881 19.281211291
47.420784881 19.284177848

#duck1
route 2.0 0 0 Objects/modified_cdb/fauna_duck.obj
47.425033904 19.238826551
47.425133614 19.238812515
47.425311669 19.238752862
47.425427998 19.238623030
47.425506342 19.238559868
47.425598931 19.238587940
47.425629794 19.238693209
47.425570442 19.238805497
47.425442243 19.238770407
47.425371021 19.238823042
47.425344906 19.238977438
47.425259440 19.239061654
47.425183470 19.239005510
47.425121744 19.239040600
47.425100378 19.239212541
47.425181096 19.239465188
47.425190592 19.239707309
47.425183470 19.239879249
47.425297425 19.239868722
47.425366273 19.239598530
47.425309295 19.239412553
47.425361524 19.239209032
47.425465983 19.239198505
47.425513464 19.239447643
47.425432746 19.239731872
47.425380517 19.239875740
47.425468357 19.240051190
47.425577564 19.240012591
47.425646412 19.239798542
47.425575190 19.239566949
47.425579938 19.239426589
47.425563320 19.239145870
47.425484976 19.239030073
47.425530083 19.238973929
47.425575190 19.238931821
47.425686771 19.238896731
47.425724756 19.239075690
47.425696267 19.239321319
47.425655908 19.239370445
47.425667779 19.239665201
47.425705764 19.239777489
47.425776985 19.239784507
47.425817345 19.239640638
47.425774611 19.239437116
47.425724756 19.239338864
47.425779360 19.239191487
47.425831589 19.239159906
47.425900437 19.239198505
47.425912307 19.239331846
47.425933674 19.239458170
47.425976407 19.239486242
47.426038132 19.239588003
47.426040506 19.239700291
47.426123599 19.239675728
47.426135469 19.239472206
47.426116476 19.239261666
47.426045255 19.239251139
47.425988277 19.239275702
47.425957414 19.239180960
47.425921803 19.239072181
47.425852955 19.239037091
47.425826841 19.238938839
47.425822093 19.238826551
47.425902811 19.238893222
47.425959788 19.239019546
47.426019140 19.239159906
47.426087988 19.239163415
47.426152087 19.239254648
47.426187698 19.239338864
47.426228057 19.239230086
47.426268416 19.239082708
47.426190072 19.239016037
47.426090362 19.239002001
47.426028636 19.238942348
47.425983529 19.238809006
47.425781734 19.238752862
47.425641664 19.238826551
47.425539579 19.238889713
47.425344906 19.238819533
47.425238073 19.238872168
47.425133614 19.238966911
47.425026782 19.239002001

#duck2
route 2.0 0 0 Objects/modified_cdb/fauna_duck.obj
47.425412329 19.238513566
47.425378143 19.238627256
47.425261339 19.238686207
47.425141686 19.238740946
47.425067615 19.238867269
47.425110349 19.239002013
47.425030580 19.239145179
47.424930869 19.239199918
47.424928021 19.239338873
47.425019185 19.239359927
47.425090406 19.239208340
47.425181571 19.239069385
47.425212908 19.239212551
47.425130291 19.239343084
47.425101802 19.239490460
47.425153082 19.239599940
47.425227153 19.239511514
47.425278432 19.239212551
47.425301223 19.238917798
47.425392387 19.238913587
47.425437969 19.239073596
47.425386690 19.239242026
47.425318317 19.239431510
47.425264188 19.239633626
47.425255641 19.239810478
47.425349654 19.239726263
47.425398085 19.239423088
47.425457911 19.239212551
47.425534831 19.239216761
47.425546227 19.239397824
47.425475005 19.239553622
47.425452214 19.239734684
47.425546227 19.239646258
47.425625995 19.239427299
47.425628844 19.239115703
47.425540529 19.238976749
47.425435120 19.238871480
47.425463609 19.238778843
47.425529133 19.238787265
47.425637391 19.238888323
47.425697217 19.239014645
47.425700066 19.239162022
47.425700066 19.239460985
47.425643088 19.239692577
47.425554773 19.239776792
47.425452214 19.239831531
47.425363899 19.239903114
47.425378143 19.239995751
47.425512040 19.240054701
47.425606053 19.239995751
47.425668728 19.239911536
47.425691519 19.239743106
47.425737101 19.239629415
47.425799776 19.239519936
47.425899487 19.239494671
47.425933674 19.239494671
47.425996349 19.239566254
47.426002047 19.239642048
47.426093211 19.239688366
47.426127397 19.239675734
47.426116002 19.239877850
47.426081815 19.240042069
47.426124548 19.240058912
47.426147339 19.239949432
47.426187224 19.239759949
47.426221410 19.239663101
47.426249899 19.239507303
47.426210015 19.239482039
47.426116002 19.239486250
47.426027687 19.239456774
47.425950767 19.239435721
47.425859603 19.239414667
47.425799776 19.239359927
47.425771288 19.239284134
47.425762741 19.239132546
47.425731403 19.238959906
47.425685821 19.238791475
47.425600355 19.238719893
47.425512040 19.238719893
47.425523436 19.238639888
47.425577564 19.238639888
47.425688670 19.238673574
47.425757043 19.238799897
47.425828265 19.239124120
47.425833963 19.239288341
47.425899487 19.239368346
47.426056175 19.239376767
47.426158735 19.239406243
47.426252748 19.239406243
47.426292632 19.239254654
47.426321121 19.239149385
47.426358156 19.239031483
47.426329667 19.238997797
47.426255597 19.238997797
47.426175828 19.238997797
47.426158735 19.238934635
47.426104606 19.238850420
47.426019140 19.238837787
47.425959313 19.238867263
47.425899487 19.238787258
47.425842510 19.238703042
47.425725706 19.238623037
47.425634542 19.238606194
