I
1000 Generated by WorldEditor 1.6.0b1

1    495 1 0 LHBP Ferihegy (Budapest)
1302 city Budapest
1302 country Hungary
1302 datum_lat 47.439444444
1302 datum_lon 19.261944444
1302 faa_code 
1302 iata_code BUD
1302 icao_code LHBP
1302 region_code LH
1302 state Pest
1302 transition_alt 9000
1302 transition_level 
100 45.72 2 1 0.25 1 3 1 13R  47.44868955  019.22073821    0   60 3 2 1 0 31L  47.43046047  019.25022870    0   60 3 2 1 0
100 60.96 2 2 0.25 1 3 1 13L  47.44541507  019.25755992   35   60 3 2 1 0 31R  47.42290094  019.29385261    0   60 3 2 1 0
102 H  47.43553628  019.23270962 353.00 19.80 19.80 3 0 0 0.50 0
110 5 0.00 0.0000 New Taxiway 8
111  47.43519055  019.22917249
111  47.43511938  019.22903535
111  47.43504648  019.22889486
111  47.43523676  019.22852106
111  47.43542696  019.22820142
111  47.43824882  019.22512398
111  47.43832879  019.22535573
111  47.43840251  019.22529588
111  47.43833649  019.22507747
111  47.43845072  019.22502911
111  47.43836143  019.22469570
111  47.43400299  019.22943686
111  47.43427222  019.22992368
111  47.43427670  019.23006015
111  47.43439985  019.23014287
111  47.43422742  019.23066550
111  47.43457976  019.23090168
113  47.43463512  019.23091582
110 2 0.00 0.0000 New Taxiway 6
111  47.43618256  019.22834151
111  47.43527411  019.22933462
111  47.43519055  019.22917249
111  47.43463512  019.23091582
111  47.43478791  019.23094391
111  47.43519205  019.22970579
111  47.43600013  019.22881560
112  47.43594580  019.22869066  47.43594580  019.22868874
113  47.43621154  019.22839812
110 1 0.00 0.0000 New Taxiway 7
111  47.43602207  019.22802612
111  47.43511938  019.22903535
111  47.43519055  019.22917249
111  47.43527411  019.22933462
113  47.43618256  019.22834151
110 2 5.00 55.0000 New Taxiway 5
111  47.43829821  019.22526488
111  47.43824882  019.22512398
111  47.43800118  019.22533016
111  47.43602530  019.22754801
111  47.43542705  019.22820121
111  47.43523676  019.22852106
111  47.43504648  019.22889486
111  47.43511938  019.22903535
111  47.43602207  019.22802612
111  47.43732770  019.22656670
113  47.43725035  019.22641740
110 2 0.00 0.0000 New Taxiway 4
111  47.43732770  019.22656670
111  47.43602207  019.22802612
111  47.43621154  019.22839812
111  47.43671986  019.22780658
111  47.43657909  019.22751948
111  47.43727509  019.22671598
111  47.43742497  019.22701466
111  47.43745422  019.22698103
111  47.43782387  019.22768311
111  47.43788161  019.22761603
113  47.43750630  019.22691198
110 2 0.00 53.0000 New Taxiway 3
111  47.43727509  019.22671600
111  47.43657909  019.22751756
111  47.43671986  019.22780466
113  47.43742497  019.22701466
110 2 0.00 5.0000 New Taxiway 2
111  47.44057482  019.22437286
111  47.44055672  019.22445093
111  47.44009587  019.22430595
111  47.43944193  019.22428254
111  47.43901577  019.22440745
111  47.43899541  019.22432158
111  47.43887624  019.22438514
111  47.43890037  019.22447547
111  47.43901804  019.22455464
111  47.43921641  019.22450335
111  47.43964633  019.22451338
111  47.43964633  019.22448327
111  47.44014942  019.22449330
111  47.44015395  019.22447546
111  47.44053108  019.22459701
111  47.44056879  019.22451672
111  47.44087125  019.22453568
113  47.44086974  019.22444423
110 1 0.00 92.0000 New Taxiway 1
111  47.43865149  019.22509803
111  47.43865974  019.22513372
112  47.43898051  019.22502215  47.43901622  019.22501447
111  47.43909359  019.22501003
111  47.43948075  019.22499608
111  47.44022957  019.22502559
111  47.44023274  019.22494112
111  47.44063413  019.22496762
111  47.44093567  019.22497688
111  47.44093549  019.22501073
111  47.44102238  019.22507701
111  47.44132730  019.22485460
111  47.44130224  019.22478284
111  47.44124944  019.22481741
112  47.44118226  019.22476615  47.44116189  019.22470269
111  47.44119137  019.22465794
111  47.44128011  019.22459597
111  47.44121852  019.22440145
111  47.44112184  019.22446719
111  47.44109316  019.22437866
111  47.44087110  019.22453716
111  47.44056742  019.22451789
111  47.44053028  019.22459788
111  47.44042988  019.22456800
111  47.44042406  019.22459696
111  47.44040646  019.22459045
111  47.44041096  019.22456164
111  47.44038634  019.22455328
111  47.44038062  019.22458380
111  47.44036444  019.22457754
111  47.44036970  019.22454839
111  47.44033543  019.22453655
111  47.44032987  019.22456727
111  47.44031231  019.22456169
111  47.44031657  019.22453029
111  47.44029206  019.22452168
111  47.44028766  019.22455328
111  47.44026881  019.22454868
111  47.44027383  019.22451704
111  47.44024681  019.22450867
111  47.44024111  019.22453866
111  47.44022315  019.22453362
111  47.44022858  019.22450217
111  47.44015252  019.22447429
111  47.44014928  019.22449459
111  47.43964594  019.22447988
111  47.43964513  019.22451054
111  47.43921502  019.22450277
111  47.43901843  019.22455418
111  47.43889992  019.22447478
111  47.43887398  019.22438557
111  47.43836153  019.22469615
111  47.43845072  019.22502911
113  47.43849383  019.22519006
110 2 0.00 54.0000 New Taxiway 8
111  47.43845072  019.22502911
111  47.43833649  019.22507747
111  47.43840251  019.22529588
111  47.43832879  019.22535573
111  47.43829821  019.22526488
111  47.43725035  019.22641740
111  47.43750638  019.22691166
111  47.43795042  019.22642877
112  47.43826651  019.22610035  47.43838240  019.22600504
112  47.43841595  019.22597222  47.43850060  019.22590819
111  47.43857547  019.22586537
111  47.43866232  019.22582021
113  47.43849364  019.22519004
110 2 0.00 90.0000 New Taxiway 7
111  47.43849364  019.22519004
111  47.43866232  019.22582021
112  47.43887101  019.22574179  47.43894565  019.22572890
111  47.43936437  019.22576253
111  47.43936860  019.22562644
111  47.43946277  019.22562488
111  47.43948075  019.22499608
112  47.43898243  019.22502267  47.43891768  019.22503956
111  47.43865974  019.22513372
113  47.43865149  019.22509803
110 2 0.00 45.0000 New Taxiway 6
111  47.44023274  019.22494112
111  47.44022957  019.22502559
111  47.43948075  019.22499608
111  47.43946804  019.22542931
111  47.44062969  019.22547833
111  47.44063603  019.22540325
113  47.44063413  019.22496762
110 5 0.00 0.0000 New Taxiway 3
111  47.42923413  019.24555289 3 106
111  47.42896538  019.24534481 3 106
111  47.42871674  019.24508808 3 106
112  47.42865641  019.24496378  47.42864539  019.24490495 3 106
111  47.42867103  019.24483136 3 106
111  47.42872223  019.24463409 3 106
111  47.42852112  019.24448276 3 106
111  47.42836206  019.24493135
111  47.42811342  019.24475299
112  47.42805430  019.24457106  47.42798267  019.24451947
112  47.42790866  019.24463409  47.42789275  019.24467663
112  47.42795257  019.24484940  47.42802604  019.24490551
111  47.42809635  019.24481427
111  47.42825420  019.24492865
111  47.42804761  019.24555829
111  47.42796717  019.24566369
111  47.42783005  019.24606093
111  47.42805492  019.24640683 3 106
111  47.42818290  019.24623659 3 106
111  47.42873137  019.24662302 3 106
111  47.42893430  019.24600959 3 106
112  47.42901289  019.24589067  47.42906642  019.24586278 3 106
113  47.42912078  019.24589068
110 2 0.00 25.0000 New Taxiway 2
111  47.43036456  019.24190031 3 106
111  47.42956592  019.24132036 3 106
111  47.42938034  019.24184041
111  47.42907320  019.24162314
111  47.42851595  019.24329971
111  47.42881871  019.24351049 3 106
111  47.42860810  019.24415258 3 106
111  47.42940667  019.24472981 3 106
113  47.43024731  019.24224665 106
110 2 0.00 26.0000 New Taxiway 1
111  47.43266920  019.23579591 3 106
111  47.43157449  019.23501357 3 106
111  47.43089500  019.23705403
111  47.43061772  019.23685810
111  47.42965638  019.23979032 3 106
111  47.42952536  019.24017092 3 106
111  47.43065124  019.24098616
111  47.43075484  019.24067087 3 106
111  47.43220187  019.23630550 3 106
112  47.43238096  019.23609631  47.43249913  019.23604291 3 106
113  47.43257974  019.23609464
110 2 0.00 143.0000 New Taxiway 14
111  47.43704423  019.22893590
111  47.43709555  019.22936585
111  47.43715338  019.22948496
111  47.43713789  019.22949982
111  47.43716590  019.22955584
111  47.43712479  019.22960365
111  47.43718245  019.22971476
111  47.43714486  019.22975814
111  47.43717708  019.22981604
111  47.43715254  019.22984496
111  47.43720387  019.22995496
111  47.43717016  019.22999041
111  47.43722031  019.23009140
111  47.43718558  019.23013270
111  47.43724019  019.23025004
111  47.43720609  019.23029155
111  47.43726281  019.23040721
111  47.43722250  019.23045305
111  47.43728006  019.23057294
111  47.43724398  019.23061429
111  47.43725995  019.23075221
111  47.43749268  019.23048924 3 106
111  47.43993286  019.22774635
111  47.43995512  019.22671517
111  47.43970718  019.22670672
111  47.43954246  019.22649391
111  47.43948904  019.22656193
113  47.43934377  019.22636470
110 5 0.00 0.0000 New Taxiway 9
111  47.43887107  019.22622605
112  47.43893813  019.22633238  47.43894505  019.22640300
111  47.43892414  019.22643632
111  47.43905057  019.22669251
111  47.43934377  019.22636470
113  47.43961280  019.22626040
110 2 0.00 181.0000 New Taxiway 13
111  47.44046103  019.22627671
111  47.44031857  019.22630304
111  47.43961280  019.22626040
111  47.43934377  019.22636470
111  47.43948904  019.22656193
111  47.43954246  019.22649391
111  47.43970718  019.22670672
111  47.43995512  019.22671517
111  47.44035084  019.22672065
113  47.44063871  019.22619496
110 2 0.00 1.5000 New Taxiway 5
111  47.44063603  019.22540325
111  47.44062969  019.22547833
111  47.43946804  019.22542931
111  47.43946353  019.22563094
111  47.43936678  019.22562842
111  47.43936410  019.22575993
111  47.44036219  019.22580770
111  47.44055369  019.22578865
111  47.44072653  019.22570109
111  47.44084486  019.22560525
113  47.44090651  019.22540996
110 2 0.00 90.0000 New Taxiway 4
111  47.44093549  019.22501073
111  47.44093565  019.22497680
111  47.44063413  019.22496762
111  47.44063603  019.22540325
111  47.44090651  019.22540996
111  47.44094082  019.22530152
111  47.44093483  019.22518682
113  47.44105468  019.22510171
110 2 0.00 182.0000 New Taxiway 12
111  47.44036219  019.22580770
111  47.43896599  019.22574139
112  47.43857547  019.22586537  47.43829263  019.22602256
111  47.43795042  019.22642877
112  47.43834219  019.22623921  47.43846585  019.22621179
111  47.43887107  019.22622605
111  47.43961280  019.22626040
113  47.44033814  019.22629399
110 2 0.00 172.0000 New Taxiway 11
111  47.44055369  019.22578865
111  47.44036219  019.22580770
111  47.44033814  019.22629399
111  47.44047726  019.22626986
113  47.44063871  019.22619496
110 2 0.00 152.0000 New Taxiway 10
111  47.44072653  019.22570109
111  47.44055369  019.22578865
111  47.44063871  019.22619496
113  47.44085255  019.22597530
110 2 0.00 55.0000 New Taxiway 9
111  47.44085340  019.22597149
111  47.44097535  019.22584833
111  47.44084486  019.22560525
113  47.44072654  019.22570100
110 2 140.00 142.0000 New Taxiway 8
111  47.44084486  019.22560525
111  47.44084500  019.22560571
111  47.44097523  019.22584820
113  47.44139469  019.22520283
110 2 0.00 142.0000 New Taxiway 15
111  47.44533900  019.22212622
111  47.44520481  019.22185861 3 102
111  47.44472772  019.22239111
111  47.44490254  019.22327431 3 106
112  47.44487845  019.22284405  47.44489824  019.22269594 3 106
113  47.44496585  019.22259284 3 102
110 2 0.00 154.0000 D Apron beton szele s
111  47.44035084  019.22672065
111  47.43995512  019.22671517
111  47.43993286  019.22774635 3 106
111  47.44015916  019.22739531 3 106
111  47.44044359  019.22693822 3 106
111  47.44431051  019.22411463
111  47.44475205  019.22379076
113  47.44469533  019.22350339
110 2 0.00 153.0000 D Apron beton szele
111  47.44094082  019.22530152
111  47.44090651  019.22540996
111  47.44084486  019.22560525
111  47.44139316  019.22520323
111  47.44438216  019.22300862
111  47.44469533  019.22350339
113  47.44453092  019.22267046 3 106
110 1 0.00 153.0000 New Taxiway 4
111  47.44519048  019.22183009
111  47.44463136  019.22244537
111  47.44436040  019.22264295
111  47.44093273  019.22514238
111  47.44094082  019.22530152
111  47.44453092  019.22267046
111  47.44453092  019.22267046
111  47.44472772  019.22239111
113  47.44520481  019.22185861
110 2 0.00 62.0000 D Apron central
111  47.44139445  019.22520279
111  47.44097523  019.22584820
111  47.44063871  019.22619496
111  47.44035084  019.22672065
111  47.44469533  019.22350339
113  47.44438216  019.22300862
110 2 0.00 164.0000 New Taxiway 3
111  47.44498455  019.22368957 3 106
111  47.44490254  019.22327431
111  47.44472772  019.22239111 3 106
111  47.44453092  019.22267046
113  47.44475205  019.22379076
110 2 0.25 132.4300 Apron2
111  47.43922881  019.23950462
111  47.43900933  019.23955805
112  47.43900933  019.23955805  47.43902518  019.23974305 3 102
112  47.43899264  019.24005672  47.43897065  019.24019594 3 102
112  47.43882376  019.24053734  47.43874673  019.24066878
111  47.43882376  019.24053734 3 102
111  47.43664846  019.24403563
111  47.43554203  019.24582836 3 102
111  47.43230435  019.25105601
112  47.43230435  019.25105601  47.43227872  019.25109325 3 102
112  47.43217013  019.25109449  47.43210959  019.25109057
111  47.43217013  019.25109449 3 102
111  47.43183442  019.25107721
112  47.43183442  019.25107721  47.43171981  019.25107021 3 102
112  47.43153209  019.25097826  47.43148407  019.25091595
111  47.43153209  019.25097826 3 102
111  47.43120130  019.25052881
112  47.43120130  019.25052881  47.43111863  019.25041807 3 102
112  47.43108087  019.24991945  47.43107902  019.24975027 3
111  47.43110565  019.24965337
111  47.43080622  019.24925082 3
112  47.43063292  019.24928241  47.43052593  019.24929548 3 102
112  47.43017441  019.24915274  47.43008460  019.24903393
111  47.43017441  019.24915274 3 102
111  47.42970389  019.24852236
111  47.42951676  019.24881655 3 102
111  47.43027957  019.24984612 3
111  47.43036759  019.24996639
111  47.43066912  019.25036258 3
111  47.43074283  019.25046492 3 102
111  47.43270438  019.25312203 3 102
111  47.43311088  019.25386905
112  47.43311088  019.25386905  47.43318410  019.25401338 3 102
112  47.43311669  019.25434812  47.43305109  019.25450823 3 106
111  47.43281236  019.25503219 3 106
111  47.42993520  019.25972692 3 102
111  47.43008405  019.25993378
111  47.43027038  019.25963311
111  47.43042979  019.25984655
111  47.42996004  019.26061313
111  47.43008981  019.26080243
111  47.43118131  019.26071333
111  47.43152085  019.26068976
111  47.43161571  019.26085545
111  47.43246874  019.26080237
111  47.43316279  019.26173596
111  47.43319308  019.26270935
111  47.43370545  019.26337307 3
111  47.43367728  019.26342133 3
111  47.43372732  019.26348843 3
111  47.43368097  019.26356543 3
111  47.43373902  019.26363321 3
111  47.43368995  019.26371256 3
111  47.43374089  019.26378167 3
111  47.43369504  019.26385206 3
111  47.43374005  019.26391830 3
111  47.43369965  019.26399093 3
111  47.43374620  019.26405410 3
111  47.43370431  019.26412510 3
111  47.43375032  019.26418991 3
111  47.43370413  019.26427281 3
111  47.43375527  019.26433685 3
111  47.43371119  019.26441504 3
111  47.43376025  019.26447576 3
111  47.43371433  019.26455026 3
111  47.43376194  019.26461635 3
111  47.43372072  019.26469307 3
111  47.43377209  019.26475522 3
111  47.43373245  019.26482655 3
111  47.43376393  019.26486369 3
111  47.43372253  019.26493648 3
111  47.43374100  019.26496252 3
111  47.43369081  019.26504661 3
111  47.43374428  019.26512007 3
111  47.43361021  019.26534442 3
111  47.43366555  019.26541591 3 106
111  47.43214375  019.26786569 3 106
111  47.43233351  019.26812112 3 106
111  47.43289718  019.27012314 3 102
111  47.43297324  019.27039332 3 102
111  47.43315070  019.27119766
112  47.43315070  019.27119766  47.43317100  019.27129030 3 102
112  47.43312459  019.27147490  47.43308768  019.27155368
111  47.43312459  019.27147490 3 102
111  47.43271401  019.27224726 3 102
111  47.42797294  019.27995072 3 102
111  47.42171597  019.28994733
112  47.42171597  019.28994733  47.42157270  019.29017887 3 102
112  47.42140746  019.29075880  47.42134522  019.29105783
111  47.42140746  019.29075880
112  47.42140746  019.29075880  47.42126381  019.29144898 3 102
112  47.42166925  019.29271686  47.42196642  019.29321596
111  47.42166925  019.29271686
112  47.42166925  019.29271686  47.42202577  019.29332709 3 102
112  47.42276304  019.29341924  47.42311161  019.29341305
111  47.42276304  019.29341924
112  47.42276304  019.29341924  47.42282644  019.29342405 3
111  47.42291627  019.29339048
111  47.42319125  019.29295156 3 102
112  47.42296110  019.29305892  47.42284851  019.29308578
111  47.42296110  019.29305892
112  47.42296110  019.29305892  47.42256112  019.29317075 3 102
112  47.42183715  019.29250106  47.42159122  019.29202974
111  47.42183715  019.29250106
112  47.42183715  019.29250106  47.42162957  019.29217181 3 102
112  47.42161457  019.29085623  47.42174025  019.29020701
111  47.42161457  019.29085623
112  47.42161457  019.29085623  47.42166077  019.29061758 3 102
112  47.42187419  019.29017182  47.42200494  019.28996031
111  47.42187419  019.29017182 3 102
111  47.42742988  019.28125807 3 102
112  47.42747192  019.28178654  47.42751794  019.28207740
111  47.42747192  019.28178654
112  47.42747192  019.28178654  47.42752431  019.28211029 3 102
111  47.42773242  019.28241706 3 102
111  47.42795017  019.28271816 3 102
111  47.42838078  019.28337111 3 102
112  47.42851187  019.28384324  47.42852865  019.28405070 3 102
112  47.42850892  019.28424505  47.42848927  019.28440775 3
111  47.42844779  019.28456765
111  47.42928148  019.28314822 3
112  47.42909594  019.28323128  47.42899293  019.28326789 3 102
112  47.42882970  019.28323673  47.42876089  019.28321465 3 102
112  47.42857959  019.28307699  47.42851857  019.28299581
111  47.42857959  019.28307699 3 102
111  47.42790734  019.28219030
112  47.42790734  019.28219030  47.42777779  019.28201203 3 102
112  47.42768852  019.28163272  47.42765948  019.28145114
111  47.42768852  019.28163272
112  47.42768852  019.28163272  47.42761032  019.28117845 3 102
111  47.42777910  019.28079372 3 102
111  47.42812395  019.28015449 3 102
111  47.43399899  019.27065560 3 102
112  47.43405425  019.27064533  47.43408135  019.27067152 3 102
111  47.43407240  019.27074574 3 102
111  47.43338030  019.27538772 3 102
112  47.43311904  019.27640566  47.43290583  019.27710677 3 102
111  47.43278809  019.27732173 3
111  47.43245871  019.27808687
111  47.43378425  019.27593490 3
112  47.43365433  019.27591398  47.43357364  019.27587671 3 102
111  47.43358416  019.27577835 3 102
111  47.43376170  019.27438526 3 102
111  47.43434524  019.27045044 3 102
112  47.43475145  019.26944061  47.43507192  019.26892819
111  47.43475145  019.26944061 3 102
111  47.43764341  019.26474504 3 102
111  47.43777175  019.26491706
112  47.43777175  019.26491706  47.43782470  019.26498416 3 102
112  47.43782464  019.26523671  47.43781581  019.26535414
111  47.43782464  019.26523671 3 102
111  47.43776553  019.26596250 3 102
111  47.43728061  019.26906173 3 102
112  47.43704471  019.27006893  47.43693014  019.27045445 3 102
111  47.43676054  019.27089494 3
111  47.43641587  019.27169084
111  47.43772790  019.26955487 3
112  47.43760065  019.26954013  47.43750735  019.26950658 3 102
111  47.43751739  019.26932835 3 102
111  47.43769121  019.26801202 3 102
111  47.43827891  019.26406741 3 102
112  47.43864928  019.26313303  47.43894606  019.26264914
111  47.43864928  019.26313303 3 102
111  47.43887042  019.26277570 3 102
111  47.43918270  019.26240043
112  47.43918270  019.26240043  47.43925279  019.26230984 3 102
112  47.43946305  019.26235460  47.43954993  019.26242011
111  47.43946305  019.26235460 3 102
111  47.43982958  019.26272631 3 102
111  47.44014464  019.26315391
112  47.44014464  019.26315391  47.44048530  019.26359250 3 102
112  47.44050873  019.26481841  47.44045872  019.26536293
111  47.44050873  019.26481841 3
112  47.44043537  019.26517621  47.44038597  019.26535621
111  47.44043537  019.26517621
111  47.44076876  019.26463558
112  47.44076876  019.26463558  47.44077823  019.26453054 3
111  47.44076824  019.26432352
112  47.44076824  019.26432352  47.44073377  019.26380684 3 102
112  47.44028683  019.26289355  47.43999351  019.26250081
111  47.44028683  019.26289355 3 102
111  47.43997897  019.26245169 3 102
111  47.43971946  019.26198067
112  47.43971946  019.26198067  47.43966903  019.26188188 3 102
112  47.43969273  019.26159642  47.43973812  019.26147526
111  47.43969273  019.26159642 3 102
111  47.43993966  019.26104639 3 102
111  47.44294061  019.25620338
112  47.44294061  019.25620338  47.44338330  019.25565471 3 102
112  47.44431302  019.25592990  47.44468148  019.25625440 3 102
112  47.44488702  019.25774388  47.44482258  019.25872000
111  47.44488702  019.25774388
112  47.44488702  019.25774388  47.44487273  019.25789713 3
112  47.44484067  019.25805066  47.44481538  019.25813886
111  47.44484067  019.25805066
111  47.44514616  019.25755016 3
112  47.44514507  019.25732898  47.44514283  019.25723981
111  47.44514507  019.25732898
112  47.44514507  019.25732898  47.44513166  019.25678077 3 102
112  47.44451232  019.25568075  47.44409466  019.25528187 3 102
112  47.44327690  019.25548535  47.44294587  019.25563940
111  47.44327690  019.25548535 3 102
111  47.44229067  019.25589265 3 102
111  47.44213058  019.25568925 3 102
111  47.44122179  019.25717612 3 102
112  47.44142959  019.25768273  47.44148142  019.25781970 3 102
112  47.44139800  019.25818264  47.44136588  019.25823530 3 102
111  47.44052198  019.25960558 3 102
111  47.44017906  019.26002379
112  47.44017906  019.26002379  47.44009724  019.26011401 3 102
112  47.43988927  019.26006286  47.43980883  019.25999930
111  47.43988927  019.26006286 3 102
111  47.43953144  019.25970132 3 102
111  47.43741570  019.25686928 3 102
111  47.43713240  019.25648114 3 102
111  47.43444732  019.25284143 3 102
111  47.43346159  019.25150058
112  47.43346159  019.25150058  47.43330067  019.25128267 3 102
112  47.43317964  019.25066430  47.43317628  019.25038399 3 102
112  47.43330270  019.24999319  47.43338660  019.24980218 3 102
111  47.43371533  019.24926384 3 102
111  47.43748308  019.24318107 3 102
111  47.43777265  019.24278758 3
111  47.43829135  019.24196806 3 102
111  47.43859713  019.24136773 3 102
111  47.43904838  019.24063334 3 102
114  47.43922586  019.24006516  47.43926375  019.23976286 3 102
111  47.43281660  019.25146000
112  47.43281660  019.25146000  47.43297993  019.25149510 3 102
112  47.43328762  019.25180958  47.43345423  019.25202276
111  47.43328762  019.25180958 3 102
112  47.43427316  019.25311262  47.43443976  019.25332579
111  47.43427316  019.25311262 3 102
111  47.43753044  019.25747594 3 102
111  47.43786153  019.25808214
112  47.43786153  019.25808214  47.43790501  019.25818490 3 102
112  47.43783418  019.25846206  47.43775892  019.25859569
111  47.43783418  019.25846206 3 102
111  47.43764921  019.25876175
112  47.43764921  019.25876175  47.43756807  019.25887183 3 102
112  47.43736177  019.25880264  47.43728020  019.25872225
111  47.43736177  019.25880264 3 102
111  47.43696473  019.25842442 3 102
111  47.43276204  019.25272287
112  47.43276204  019.25272287  47.43260096  019.25250486 3 102
112  47.43246400  019.25198432  47.43244817  019.25172890
111  47.43246400  019.25198432 3 102
114  47.43249228  019.25149289  47.43254529  019.25141275 3 102
111  47.43316384  019.25555440 3 106
112  47.43310225  019.25533015  47.43310705  019.25515238 3 106
111  47.43316811  019.25502069 3 106
111  47.43337725  019.25478984
112  47.43337725  019.25478984  47.43347294  019.25468118 3 102
112  47.43374442  019.25472548  47.43388033  019.25481978
111  47.43374442  019.25472548 3 102
111  47.43428795  019.25526501 3 102
111  47.43482115  019.25598583 3 102
112  47.43507151  019.25649226  47.43513851  019.25669938 3 102
111  47.43502118  019.25689377 3 106
113  47.43355526  019.25493213 3 106
111  47.43548377  019.25752753 3 102
112  47.43574535  019.25741550  47.43588647  019.25746167 3 102
111  47.43618512  019.25781178 3 102
111  47.43681905  019.25865835 3 102
111  47.43711910  019.25920186
112  47.43711910  019.25920186  47.43717716  019.25931200 3 102
112  47.43711367  019.25963770  47.43705064  019.25973649
111  47.43711367  019.25963770 3 106
111  47.43686696  019.26005981
112  47.43686696  019.26005981  47.43671900  019.26029549 3 106
111  47.43655682  019.26012028 3 106
113  47.43694790  019.25948334 3 106
112  47.43963163  019.26092530  47.43955853  019.26105739
111  47.43963163  019.26092530 3 102
111  47.43948282  019.26115667
112  47.43948282  019.26115667  47.43938988  019.26129182 3 102
112  47.43913517  019.26121481  47.43902373  019.26112037
111  47.43913517  019.26121481 3 102
111  47.43876031  019.26081418 3 102
111  47.43824148  019.26010577 3 102
111  47.43791223  019.25952509
112  47.43791223  019.25952509  47.43785259  019.25941642 3 102
112  47.43793547  019.25908564  47.43799788  019.25897903
111  47.43793547  019.25908564 3 102
111  47.43810982  019.25880553
112  47.43810982  019.25880553  47.43817378  019.25870384 3 102
112  47.43839471  019.25876300  47.43844307  019.25881655
111  47.43839471  019.25876300 3 102
111  47.43881299  019.25918194 3 102
111  47.43937964  019.25995816 3 102
111  47.43964935  019.26043292
114  47.43964935  019.26043292  47.43971635  019.26056501 3 102
111  47.43654323  019.26119473 3 106
111  47.43659447  019.26127229 3 106
111  47.43663673  019.26183299 3 106
111  47.43664810  019.26221623 3 106
111  47.43663387  019.26268603 3 106
111  47.43658725  019.26276190 3 106
113  47.43603143  019.26201564 3 106
111  47.43619009  019.26276457 3 106
111  47.43638579  019.26303186
112  47.43638579  019.26303186  47.43646029  019.26312675 3 106
112  47.43641031  019.26344008  47.43635988  019.26352500
111  47.43641031  019.26344008 3 106
111  47.43631916  019.26359527
112  47.43631916  019.26359527  47.43626873  019.26366982 3 106
112  47.43613734  019.26356711  47.43609493  019.26352475 3 106
112  47.43590145  019.26331928  47.43580942  019.26319626 3 106
112  47.43568659  019.26290822  47.43564783  019.26280179 3 106
111  47.43568020  019.26273113 3 106
111  47.43576754  019.26259517 3 106
114  47.43595533  019.26253396  47.43604015  019.26254752 3 106
111  47.43737932  019.26000737
112  47.43737932  019.26000737  47.43744740  019.25990486 3 102
112  47.43768488  019.25995515  47.43776557  019.26002979
111  47.43768488  019.25995515 3 102
111  47.43808713  019.26036220 3 102
111  47.43861801  019.26106757 3 102
111  47.43890970  019.26159497
112  47.43890970  019.26159497  47.43897245  019.26172051 3 102
112  47.43892871  019.26205670  47.43886593  019.26218952
111  47.43892871  019.26205670 3 102
111  47.43870104  019.26254773 3 102
111  47.43817031  019.26338873 3 102
111  47.43781817  019.26381373
112  47.43781817  019.26381373  47.43773912  019.26390189 3 102
112  47.43750256  019.26381210  47.43742490  019.26370549
111  47.43750256  019.26381210 3 102
112  47.43735595  019.26363154  47.43727829  019.26352493
111  47.43735595  019.26363154 3 106
111  47.43703748  019.26323045 3 106
112  47.43693823  019.26297418  47.43690911  019.26285544 3 106
111  47.43686038  019.26219252 3 106
111  47.43684798  019.26182786 3 106
111  47.43686644  019.26126961
112  47.43686644  019.26126961  47.43687645  019.26090405 3 106
113  47.43694944  019.26069799 3 106
111  47.43726778  019.26422438
112  47.43726778  019.26422438  47.43734605  019.26433396 3 102
112  47.43729082  019.26471108  47.43722564  019.26484845
111  47.43729082  019.26471108 3 102
111  47.43703414  019.26525863 3 102
111  47.43406194  019.27005955 3 102
111  47.43376510  019.27044521
112  47.43376510  019.27044521  47.43352346  019.27075778 3 102
112  47.43323084  019.27029543  47.43310331  019.26986875
111  47.43323084  019.27029543 3 102
111  47.43314116  019.26997977
112  47.43314116  019.26997977  47.43308622  019.26976832 3 106
112  47.43314983  019.26948849  47.43321803  019.26935826
111  47.43314983  019.26948849 3 106
111  47.43362930  019.26860571 3 106
111  47.43630411  019.26427586 3 106
111  47.43664934  019.26384586
112  47.43664934  019.26384586  47.43674005  019.26374305 3 106
112  47.43702677  019.26388449  47.43713813  019.26403365
111  47.43702677  019.26388449 3 106
112  47.43712899  019.26402199  47.43724035  019.26417114
113  47.43712899  019.26402199 3 102
111  47.43270939  019.26753386 3 106
111  47.43295746  019.26757705 3 106
111  47.43330610  019.26805812 3 106
111  47.43334786  019.26845245 3 106
111  47.43310806  019.26883917
112  47.43310806  019.26883917  47.43300804  019.26899474 3 106
112  47.43281164  019.26875228  47.43275745  019.26855358
111  47.43281164  019.26875228 3 106
111  47.43260095  019.26800755
112  47.43260095  019.26800755  47.43256780  019.26788573 3 106
112  47.43262506  019.26766885  47.43267716  019.26758624
113  47.43262506  019.26766885 3 106
110 1 0.25 102.3000 RET J4
111  47.43639570  019.24110441
112  47.43639570  019.24110441  47.43646270  019.24108764 3
112  47.43655137  019.24111389  47.43659528  019.24114133 3 102
112  47.43665964  019.24130428  47.43666915  019.24144258 3 102
112  47.43660376  019.24240226  47.43656340  019.24274466 3 102
112  47.43628342  019.24396597  47.43612057  019.24454227 3 102
112  47.43554203  019.24582836  47.43514654  019.24659843
111  47.43554203  019.24582836
112  47.43554203  019.24582836  47.43566947  019.24563867
111  47.43664846  019.24403563 3 102
111  47.43660993  019.24396794 3 102
112  47.43673068  019.24318418  47.43677975  019.24287711 3 102
112  47.43698094  019.24153389  47.43709590  019.24081549 3 102
112  47.43750872  019.23949990  47.43765927  019.23909436 3
112  47.43789490  019.23864751  47.43803301  019.23838596
113  47.43789490  019.23864751
110 1 0.25 342.3000 RET closed
111  47.43744274  019.23848837
112  47.43744274  019.23848837  47.43743167  019.23851798 3
112  47.43630463  019.23954255  47.43586274  019.23984523 3
111  47.43491689  019.24027590 3
111  47.43395758  019.24071450
111  47.43403116  019.24106132 3
112  47.43519027  019.24051451  47.43534163  019.24045967 3
112  47.43573984  019.24036862  47.43583910  019.24036058 3
112  47.43590580  019.24043228  47.43594944  019.24048645 3
112  47.43595651  019.24067164  47.43595094  019.24078061 3
112  47.43585833  019.24106733  47.43582050  019.24114310
113  47.43585833  019.24106733
110 1 0.25 0.0000 taxi C
112  47.44465520  019.22399734  47.44465517  019.22399575
111  47.44465520  019.22399734
112  47.44465520  019.22399734  47.44465520  019.22399519 3 102
111  47.44484229  019.22431334 3 102
112  47.44511138  019.22585744  47.44510906  019.22607117 3
111  47.44508925  019.22610459
111  47.44541351  019.22558163 3
111  47.44535837  019.22548534 3 102
111  47.44509036  019.22419784 3 102
111  47.44498455  019.22368957
111  47.44475205  019.22379076
112  47.44431096  019.22411456  47.44431141  019.22411449
111  47.44431096  019.22411456
114  47.44431096  019.22411456  47.44431080  019.22411376 3 106
110 1 0.25 323.0000 taxi D
112  47.44806759  019.21992319  47.44801870  019.21985744 3 102
112  47.44754494  019.21962499  47.44724421  019.21959658 3 102
112  47.44692197  019.21993801  47.44682350  019.22004170
111  47.44692197  019.21993801 3 102
111  47.44520481  019.22185861
111  47.44533858  019.22212670 3 102
111  47.44703382  019.22019917
112  47.44703382  019.22019917  47.44750578  019.21970517 3 102
112  47.44789330  019.22015632  47.44797291  019.22024758 3 102
112  47.44813489  019.22071833  47.44817544  019.22102185
111  47.44813489  019.22071833
112  47.44813489  019.22071833  47.44814317  019.22081393 3 102
112  47.44814948  019.22097927  47.44814822  019.22104865 3
111  47.44813501  019.22121101
111  47.44854843  019.22054475 3
113  47.44847335  019.22044566 3 102
110 2 0.25 132.4300 compass check zone
112  47.43980455  019.24427521  47.43978346  019.24414964 20
112  47.43956613  019.24398391  47.43944544  019.24398234 20
111  47.43935590  019.24398751 20
111  47.43866658  019.24305145 20
111  47.43828909  019.24237494
112  47.43828909  019.24237494  47.43825440  019.24227665 20
112  47.43829135  019.24196806  47.43834063  019.24187317 20
111  47.43859713  019.24136773
111  47.43748308  019.24318107 20
112  47.43777265  019.24278758  47.43787051  019.24265781 20
112  47.43809337  019.24275271  47.43815135  019.24279721
111  47.43809337  019.24275271 20
111  47.43856620  019.24322582 20
111  47.43925631  019.24415993 20
112  47.43927590  019.24444421  47.43928767  019.24464138 20
112  47.43949076  019.24478595  47.43957046  019.24481180 20
114  47.43975041  019.24465716  47.43982946  019.24453191 20
110 1 0.25 132.4200 taxi A1 B1
111  47.43488347  019.23101472 3 102
112  47.43477495  019.23111002  47.43476294  019.23109769 3 102
111  47.43478791  019.23094391
111  47.43463512  019.23091582 3 102
111  47.43427761  019.23197521 3 102
111  47.43377082  019.23351058 3 102
111  47.43311184  019.23546917
112  47.43311184  019.23546917  47.43302609  019.23573915 3 102
112  47.43266920  019.23579591  47.43250879  019.23573412
111  47.43266920  019.23579591
111  47.43257895  019.23609380
112  47.43257895  019.23609380  47.43270601  019.23625683 3 102
112  47.43270922  019.23669207  47.43268052  019.23690616
111  47.43270922  019.23669207 3 102
111  47.43143554  019.24053460
112  47.43143554  019.24053460  47.43123711  019.24102483 3 102
112  47.43103208  019.24087257  47.43098016  019.24085192
111  47.43103208  019.24087257 3 102
111  47.43075484  019.24067087
111  47.43065124  019.24098616 3 102
111  47.43092379  019.24119032
112  47.43092379  019.24119032  47.43104999  019.24130749 3 102
112  47.43103738  019.24173266  47.43096147  019.24196323
111  47.43103738  019.24173266 3 102
111  47.43094867  019.24198789
112  47.43094867  019.24198789  47.43087529  019.24219268 3 102
112  47.43068344  019.24212168  47.43062262  019.24208342
111  47.43068344  019.24212168 3 102
111  47.43036460  019.24190155
111  47.43025051  019.24224760 3 102
111  47.43056058  019.24247836
112  47.43056058  019.24247836  47.43067042  019.24256406 3 102
112  47.43065945  019.24288761  47.43061110  019.24303419
111  47.43065945  019.24288761 3 102
111  47.42984155  019.24532067
112  47.42984155  019.24532067  47.42970233  019.24570816 3 102
112  47.42945855  019.24571320  47.42934784  019.24563857
111  47.42945855  019.24571320 3 102
111  47.42923378  019.24555701
111  47.42912316  019.24589323 3 102
111  47.42935088  019.24606300
112  47.42935088  019.24606300  47.42944230  019.24614834 3 102
112  47.42942759  019.24622154  47.42942858  019.24622028
111  47.42942759  019.24622154
112  47.42942759  019.24622154  47.42942735  019.24622311 3 102
112  47.42941262  019.24650582  47.42941230  019.24650400
111  47.42941262  019.24650582
112  47.42941262  019.24650582  47.42941205  019.24650654 3 102
112  47.42939625  019.24667646  47.42938888  019.24669711
111  47.42939625  019.24667646 3 102
112  47.42935313  019.24681006  47.42932159  019.24690676
111  47.42935313  019.24681006 3 102
111  47.42911737  019.24752746
112  47.42911737  019.24752746  47.42908685  019.24762178 3 102
112  47.42908377  019.24800680  47.42911270  019.24826545 3 102
111  47.42922494  019.24842738 3 102
111  47.42951638  019.24881711
111  47.42970351  019.24852292 3 102
112  47.42940920  019.24812518  47.42937649  019.24809003 3 102
112  47.42933597  019.24790586  47.42932438  019.24782024 3 102
111  47.42934677  019.24766580 3 102
111  47.42948927  019.24690849 3 102
111  47.43390353  019.23362157 3 102
111  47.43432778  019.23242179 3 102
112  47.43454652  019.23183902  47.43461900  019.23168661 3 102
111  47.43476810  019.23152901 3 102
111  47.43603766  019.23007764 3 102
111  47.43656974  019.22958226 3 102
112  47.43674434  019.22949396  47.43682108  019.22949476 3 102
111  47.43685335  019.22970398 3 102
111  47.43703036  019.23069807 3 102
111  47.43756954  019.23593976 3 102
111  47.43768996  019.23714896
112  47.43768996  019.23714896  47.43772783  019.23753860 3 102
111  47.43771914  019.23783835 3
111  47.43771502  019.23804310
111  47.43793549  019.23858976 3
112  47.43808582  019.23856199  47.43818678  019.23855136 3 102
112  47.43841594  019.23858575  47.43853474  019.23863413 3 102
111  47.43869057  019.23879659 3 102
112  47.43883463  019.23901380  47.43889301  019.23911517 3 102
112  47.43900933  019.23955805  47.43903391  019.23976221
111  47.43900933  019.23955805
112  47.43922881  019.23950462  47.43922770  019.23950422
111  47.43922881  019.23950462
112  47.43922881  019.23950462  47.43920287  019.23922194 3 102
112  47.43900919  019.23877264  47.43889475  019.23857617
111  47.43900919  019.23877264
112  47.43900919  019.23877264  47.43893089  019.23861248 3 102
112  47.43869145  019.23810682  47.43863720  019.23787333 3 102
112  47.43865285  019.23764599  47.43865539  019.23753707 3
111  47.43868743  019.23732915
111  47.43828143  019.23708858 3
112  47.43812708  019.23704456  47.43802724  019.23701285 3 102
112  47.43794099  019.23685282  47.43790379  019.23675495 3 102
111  47.43782190  019.23631666 3 102
111  47.43731467  019.23141839 3 102
111  47.43725995  019.23075221
111  47.43704423  019.22893590
111  47.43905057  019.22669251
111  47.43892414  019.22643632 3 106
113  47.43678555  019.22885303 3 102
130 Airport Boundary
111  47.45137404  019.21502028
111  47.45012721  019.21359056
111  47.44880405  019.21638730
111  47.44679791  019.21887751
111  47.44510597  019.21809286
111  47.44362166  019.21770419
111  47.44243420  019.21710228
111  47.44193860  019.21705440
111  47.44018806  019.21988355
111  47.44020522  019.22096253
111  47.44067886  019.22227855
111  47.44073784  019.22319645
111  47.43885063  019.22318676
111  47.43893256  019.22253617
111  47.43875675  019.22230534
111  47.43655153  019.22536357
111  47.43395045  019.22830650
111  47.43084938  019.23177789
111  47.42880561  019.23411597
111  47.42391446  019.23960974
111  47.42188275  019.24195162
111  47.42051918  019.24426092
111  47.41977078  019.24626345
111  47.41943919  019.24732044
111  47.41958393  019.24769260
111  47.41955189  019.24793394
111  47.41943268  019.24810008
111  47.41914208  019.24810323
111  47.41841616  019.25032549
111  47.41823018  019.25110395
111  47.41813670  019.25192523
111  47.41829638  019.25373513
111  47.41849602  019.25478467
111  47.41888989  019.25509415
111  47.42002291  019.25698739
111  47.42022600  019.25749166
111  47.42294319  019.26060303
111  47.42420610  019.26107394
111  47.42615841  019.26150196
111  47.42738077  019.26207565
111  47.42823817  019.26201571
111  47.42895099  019.26162776
111  47.42959675  019.26119371
111  47.43118131  019.26071333
111  47.43152085  019.26068976
111  47.43161571  019.26085545
111  47.43246874  019.26080049
111  47.43316279  019.26173596
111  47.43319308  019.26270935
111  47.43287186  019.26328969
111  47.43299550  019.26345638
111  47.43206747  019.26496998
111  47.43224706  019.26523545
111  47.43119270  019.26696513
111  47.43002826  019.26570636
111  47.42922880  019.26738468
111  47.43206747  019.27133224
111  47.41477036  019.29923148
111  47.41713504  019.30243795
111  47.41638719  019.30365207
111  47.41684011  019.30418130
111  47.41714557  019.30365985
111  47.41677165  019.30316954
111  47.41720350  019.30250021
111  47.41998424  019.30489745
111  47.42099542  019.30327077
111  47.42147994  019.30390899
111  47.42177486  019.30344978
111  47.42129034  019.30280378
111  47.42208559  019.30151954
111  47.42317050  019.30291280
111  47.42404474  019.30142614
111  47.42301777  019.29999396
111  47.43920492  019.27388961
111  47.43945737  019.27419848
111  47.43967064  019.27386387
111  47.43941820  019.27352282
111  47.44649045  019.26224435
111  47.44757612  019.26358622
111  47.44817386  019.26255216
111  47.44744224  019.26166529
111  47.44729088  019.26104984
111  47.45260227  019.25218153
111  47.45362857  019.24568671
111  47.45025204  019.24482174
111  47.44828125  019.24005444
111  47.44745284  019.24053977
111  47.44674250  019.24000984
111  47.44654825  019.23996295
111  47.44669356  019.23902785
111  47.44678978  019.23791213
111  47.44675336  019.23616364
111  47.44651761  019.23387657
111  47.44745848  019.23317559
111  47.44784024  019.23108908
111  47.44842425  019.22809734
111  47.44885601  019.22642852
111  47.45007431  019.22438765
111  47.45146224  019.22144605
111  47.45300439  019.21694234
111  47.45237211  019.21618980
111  47.45564918  019.21086500
113  47.45476244  019.20962217
120 Linear Feature 12
111  47.43883420  019.23901144 54 103
115  47.43900919  019.23877264
120 Linear Feature 11
111  47.43777038  019.26747015 56 103
115  47.43754230  019.26739410
120 Linear Feature 10
111  47.43381356  019.27384195 56 103
115  47.43359527  019.27377048
120 Linear Feature 9
111  47.42161457  019.29085623 54 103
115  47.42140746  019.29075880
120 Linear Feature 8
111  47.42811317  019.28246302 54 103
115  47.42795017  019.28271816
120 Linear Feature 7
111  47.44016254  019.26271754 54 103
115  47.44000645  019.26297151
120 Linear Feature 6
111  47.44483404  019.25612909 54 103
115  47.44465436  019.25634485
120 Linear Feature 5
111  47.43127273  019.25117761 54 103
115  47.43145712  019.25088050
120 Linear Feature 4
111  47.42948977  019.24690868 54 103
115  47.42935351  019.24680950
120 Linear Feature 3
111  47.43777681  019.23585510 54 103
115  47.43756988  019.23590412
120 Linear Feature 2
111  47.44509036  019.22419784 54 103
115  47.44484290  019.22431345
120 Linear Feature 1
111  47.44764056  019.21963868 54 103
115  47.44761254  019.21995969
120 Linear Feature 2
112  47.43901075  019.22610136  47.43910949  019.22624963 51
116  47.43891041  019.22664675  47.43874045  019.22683803
120 Linear Feature 1
111  47.43428407  019.23222380 51
111  47.43525200  019.22927379
112  47.43525200  019.22927379  47.43538061  019.22890209 51
112  47.43614814  019.22776680  47.43655647  019.22729728
111  47.43614814  019.22776680 51
111  47.43791170  019.22578669 51
112  47.43809932  019.22570875  47.43821864  019.22571892
111  47.43809932  019.22570875 51
111  47.43854833  019.22571876
112  47.43854833  019.22571876  47.43865145  019.22571529 51
112  47.43880598  019.22583586  47.43886925  019.22591901
111  47.43880598  019.22583586 51
111  47.43901075  019.22610136
112  47.43901075  019.22610136  47.43910949  019.22624963 51
116  47.43941735  019.22645633  47.43970248  019.22660579
120 Linear Feature 40
111  47.43444297  019.25765754 51
112  47.43470948  019.25763881  47.43483710  019.25743538
111  47.43470948  019.25763881
112  47.43470948  019.25763881  47.43458465  019.25784617 51
115  47.43472087  019.25803297
120 Linear Feature 39
112  47.43500330  019.25803204  47.43513061  019.25782270
111  47.43500330  019.25803204
112  47.43500330  019.25803204  47.43487362  019.25823783 51
111  47.43473474  019.25805171 51
112  47.43472453  019.25848311  47.43457620  019.25872637
111  47.43472453  019.25848311
112  47.43472453  019.25848311  47.43487544  019.25824278 51
113  47.43501546  019.25843095 51
120 C D
111  47.44779486  019.22219096 51
111  47.44810202  019.22169434
112  47.44810202  019.22169434  47.44820094  019.22153543 51
112  47.44829110  019.22080799  47.44826178  019.22033218 51
112  47.44763714  019.21978632  47.44728561  019.21971374 51
112  47.44693550  019.22011518  47.44673334  019.22033936 51
111  47.44499907  019.22228975
112  47.44499907  019.22228975  47.44495746  019.22233691 51
112  47.44476284  019.22268200  47.44471571  019.22288234 51
112  47.44474811  019.22316034  47.44478119  019.22341371
111  47.44474811  019.22316034
112  47.44474811  019.22316034  47.44476598  019.22327572 51
112  47.44481385  019.22360338  47.44484962  019.22376057
111  47.44481385  019.22360338
112  47.44481385  019.22360338  47.44486005  019.22380639 51
112  47.44496613  019.22415861  47.44499509  019.22430865
111  47.44496613  019.22415861 51
112  47.44524520  019.22555052  47.44529156  019.22579105 51
112  47.44515084  019.22646764  47.44501731  019.22668167
111  47.44515084  019.22646764 51
115  47.44485977  019.22693857
120 J4
111  47.43845770  019.23734248 1 101
112  47.43797108  019.23813014  47.43783179  019.23834846 1 101
112  47.43749842  019.23910868  47.43736418  019.23945849 1 101
112  47.43703588  019.24057677  47.43694191  019.24110023 1 101
112  47.43656834  019.24338168  47.43639248  019.24426402 1 101
116  47.43572414  019.24577245  47.43544523  019.24622035
120 Linear Feature 38
111  47.43545576  019.25656731 51
112  47.43547779  019.25726428  47.43525451  019.25762791
111  47.43547779  019.25726428
112  47.43547779  019.25726428  47.43570345  019.25690317 51
115  47.43594784  019.25723219
120 Linear Feature 37
111  47.43516524  019.25617476 51
112  47.43518054  019.25687728  47.43495230  019.25724907
111  47.43518054  019.25687728
112  47.43518054  019.25687728  47.43541161  019.25650953 51
115  47.43565622  019.25683816
120 Linear Feature 36
111  47.43518054  019.25687728 51
115  47.43470948  019.25763881
120 Linear Feature 28
112  47.43799461  019.26394569  47.43769101  019.26443709 51
111  47.43735828  019.26398893 51
116  47.43738707  019.26492824  47.43708322  019.26541932
120 Linear Feature 29
111  47.43673124  019.23945769 51
112  47.43601557  019.23991684  47.43566022  019.24010294 51
111  47.43484065  019.24049625 51
115  47.43410249  019.24084127
120 Linear Feature 27
111  47.44252155  019.25663706 51 101
112  47.44224064  019.25681651  47.44201722  019.25688318
111  47.44224064  019.25681651 51 101
111  47.44179011  019.25700645 51 101
115  47.44158084  019.25708872
120 Linear Feature 26
112  47.43612076  019.26164433  47.43590926  019.26198266 51
111  47.43564160  019.26168992
112  47.43564160  019.26168992  47.43585131  019.26197522 51
111  47.43566231  019.26239578 51
116  47.43613632  019.26235317  47.43633326  019.26261138
120 Linear Feature 25
112  47.43673561  019.26139097  47.43671725  019.26068875 51
111  47.43694711  019.26030826 51
112  47.43639843  019.26029931  47.43612852  019.25998520
111  47.43639843  019.26029931
112  47.43639843  019.26029931  47.43662536  019.26068437 51
115  47.43646920  019.26108058
120 Linear Feature 24
111  47.43639843  019.26029931 51
111  47.43501546  019.25843095 51
111  47.43473474  019.25805171 51
111  47.43472087  019.25803297 51
111  47.43444297  019.25765754 51
115  47.43308815  019.25582720
120 Linear Feature 23
111  47.44151129  019.25825798 51 101
112  47.44155521  019.25764201  47.44140613  019.25724271
111  47.44155521  019.25764201 51 101
111  47.44136260  019.25719999 51 101
112  47.44154540  019.25694063  47.44169503  019.25686484 51 101
115  47.44179011  019.25700645
120 Linear Feature 22
111  47.43465653  019.26934453 51 101
112  47.43421664  019.27055062  47.43411899  019.27119805
111  47.43421664  019.27055062 51 101
112  47.43370818  019.27381026  47.43361053  019.27445769
111  47.43370818  019.27381026 51 101
111  47.43345401  019.27547990
112  47.43345401  019.27547990  47.43318992  019.27723173 51 101
111  47.43240893  019.27857571 51 101
115  47.43200438  019.27914970
120 Linear Feature 21
111  47.42969937  019.28289472 51
111  47.42951479  019.28317702 51
112  47.42910185  019.28342366  47.42884643  019.28348349
111  47.42910185  019.28342366
112  47.42910185  019.28342366  47.42895019  019.28345790 51
112  47.42841531  019.28312995  47.42816606  019.28282070
111  47.42841531  019.28312995
112  47.42841531  019.28312995  47.42865648  019.28345980 51
112  47.42868061  019.28416137  47.42867301  019.28432569
111  47.42868061  019.28416137
112  47.42868061  019.28416137  47.42867661  019.28454258 51
111  47.42851567  019.28482632 51
115  47.42833752  019.28512044
120 Linear Feature 19
111  47.42796325  019.28017353 51
112  47.42754924  019.28155664  47.42759519  019.28232557
111  47.42754924  019.28155664
112  47.42754924  019.28155664  47.42756424  019.28177914 51
112  47.42774817  019.28220504  47.42787331  019.28242413
111  47.42774817  019.28220504
112  47.42774817  019.28220504  47.42785051  019.28238421 51
111  47.42802493  019.28260032
112  47.42802493  019.28260032  47.42825549  019.28294914 51
115  47.42841531  019.28312995
120 Linear Feature 3
111  47.43153829  019.24848738 51 101
111  47.43117305  019.24907832
112  47.43117305  019.24907832  47.43083690  019.24961461 51 101
116  47.42995637  019.24913630  47.42958742  019.24863637
120 Linear Feature 33
112  47.43327537  019.26889326  47.43310558  019.26915621 51
116  47.43261028  019.26866828  47.43247620  019.26819831
120 Linear Feature 18
112  47.43318290  019.27172827  47.43336785  019.27142646 51
111  47.43326898  019.27106848 51
111  47.43314555  019.27063103 51
111  47.43297365  019.26997247 51
111  47.43261028  019.26866828 51
111  47.43248526  019.26820441 51
112  47.43253299  019.26744404  47.43270985  019.26713592
111  47.43253299  019.26744404 51
115  47.43302958  019.26664154
120 Linear Feature 17
111  47.43656244  019.26358259 51
111  47.43319756  019.26902065 51
111  47.43302099  019.26930614
112  47.43302099  019.26930614  47.43285638  019.26958182 51
115  47.43297365  019.26997247
120 Linear Feature 34
112  47.43677152  019.26264351  47.43679880  019.26333723 51
111  47.43707990  019.26361290 51
112  47.43656244  019.26358259  47.43633712  019.26394122
111  47.43656244  019.26358259
112  47.43656244  019.26358259  47.43675090  019.26325336 51
115  47.43653827  019.26290106
120 Linear Feature 16
111  47.43639843  019.26029931 51
112  47.43673561  019.26139097  47.43675500  019.26215324
111  47.43673561  019.26139097 51
111  47.43677152  019.26264351
112  47.43677152  019.26264351  47.43679388  019.26331567 51
115  47.43656244  019.26358259
120 Linear Feature 15
111  47.43798767  019.26524203 51
112  47.43783878  019.26463794  47.43764180  019.26437075
111  47.43783878  019.26463794 51
111  47.43735828  019.26398893 51
111  47.43707990  019.26361290 51
111  47.43653827  019.26290106 51
111  47.43613632  019.26235317 51
111  47.43564160  019.26168992 51
111  47.43418595  019.25970335 51
112  47.43418336  019.25935877  47.43429692  019.25917237
111  47.43418336  019.25935877 51
111  47.43472453  019.25848311 51
111  47.43500330  019.25803204 51
115  47.43547779  019.25726428
120 Linear Feature 14
111  47.43856431  019.26302380 51 101
112  47.43814698  019.26417282  47.43805381  019.26478891
111  47.43814698  019.26417282 51 101
112  47.43798767  019.26524203  47.43789450  019.26585811
111  47.43798767  019.26524203 51 101
111  47.43740801  019.26913533
112  47.43740801  019.26913533  47.43714611  019.27090491 51 101
111  47.43634896  019.27220317 51 101
115  47.43594673  019.27285347
120 Linear Feature 13
112  47.43786038  019.25981650  47.43818974  019.26026897
111  47.43786038  019.25981650
112  47.43786038  019.25981650  47.43752813  019.25937186 51
111  47.43729109  019.25976238 51
112  47.43719312  019.25894035  47.43690329  019.25849770
111  47.43719312  019.25894035
112  47.43719312  019.25894035  47.43752852  019.25933187 51
113  47.43783251  019.25887743 51
120 Linear Feature 12
112  47.43858577  019.25864897  47.43826988  019.25822249 51
111  47.43794868  019.25868967 51
116  47.43791565  019.25776173  47.43760661  019.25733806
120 Linear Feature 11
111  47.43794868  019.25868967 51
111  47.43783251  019.25887743 51
111  47.43729109  019.25976238 51
111  47.43694711  019.26030826 51
111  47.43646920  019.26108058 51
111  47.43612076  019.26164433 51
111  47.43566231  019.26239578 51
115  47.43449459  019.26427343
120 Linear Feature 10
111  47.43337295  019.25440326 51 101
116  47.43392410  019.25449775  47.43425946  019.25494664
120 Linear Feature 35
111  47.43306633  019.25489920 51
112  47.43308815  019.25582720  47.43341260  019.25626572
111  47.43308815  019.25582720
112  47.43308815  019.25582720  47.43276371  019.25538868 51
115  47.43246439  019.25587288
120 Linear Feature 9
112  47.43325978  019.25360012  47.43358875  019.25404886 51 101
111  47.43337295  019.25440326 51 101
111  47.43306633  019.25489920 51 101
111  47.43276370  019.25538868 51
111  47.43246439  019.25587288 51
115  47.43039578  019.25921921
120 Linear Feature 8
112  47.43329117  019.24970856  47.43293803  019.25027953 51 101
116  47.43330838  019.25151910  47.43364319  019.25197372
120 Linear Feature 32
112  47.43379407  019.27073939  47.43363365  019.27099610 51
116  47.43314555  019.27063103  47.43302327  019.27021136
120 Linear Feature 7
111  47.44447552  019.25905933 51 101
111  47.44484832  019.25845636
112  47.44484832  019.25845636  47.44504693  019.25814951 51 101
112  47.44493779  019.25671218  47.44478170  019.25613009 51 101
112  47.44404081  019.25558822  47.44369356  019.25548585 51 101
112  47.44288425  019.25603754  47.44260633  019.25649701
111  47.44288425  019.25603754 51 101
111  47.44252155  019.25663706 51 101
111  47.44151129  019.25825798 51 101
111  47.44035179  019.26013311 51 101
111  47.43974460  019.26111500 51 101
111  47.43962817  019.26130352 51 101
111  47.43902099  019.26228558 51 101
111  47.43856431  019.26302380 51 101
111  47.43799461  019.26394569 51 101
111  47.43738707  019.26492824 51 101
111  47.43465653  019.26934453 51 101
111  47.43379407  019.27073939 51 101
111  47.43318290  019.27172827 51 101
111  47.42796325  019.28017353 51 101
111  47.42393442  019.28667067 51 101
111  47.42225519  019.28931116 51 101
111  47.42174731  019.29013281
112  47.42174731  019.29013281  47.42150645  019.29053261 51 101
112  47.42146713  019.29180090  47.42155359  019.29236441 51 101
112  47.42228476  019.29317109  47.42275110  019.29344227 51 101
112  47.42351282  019.29283934  47.42370758  019.29252244
111  47.42351282  019.29283934 51 101
115  47.42384473  019.29230584
120 Linear Feature 2
111  47.43155423  019.24850915 51 101
111  47.43118903  019.24909972
112  47.43118903  019.24909972  47.43085532  019.24964021 51 101
116  47.43125808  019.25089469  47.43162297  019.25138959
120 Linear Feature 43
112  47.43710584  019.22868289  47.43699888  019.22880154 51
112  47.43696582  019.22910995  47.43698056  019.22927340 51
111  47.43702481  019.22968854 51
111  47.43774822  019.23658851
112  47.43774822  019.23658851  47.43781969  019.23730836 51 101
112  47.43830780  019.23800746  47.43860812  019.23842301
111  47.43830780  019.23800746 51 101
111  47.43874263  019.23860897
112  47.43874263  019.23860897  47.43882533  019.23871193 51 101
112  47.43905224  019.23915812  47.43912196  019.23938937 51 101
112  47.43912765  019.23998733  47.43909522  019.24030298 51 101
111  47.43893328  019.24058071 51 101
111  47.43817891  019.24180113 51 101
111  47.43771390  019.24255343 51 101
111  47.43572414  019.24577245 51 101
111  47.43329117  019.24970856 51 101
111  47.43249125  019.25100247
112  47.43249125  019.25100247  47.43219229  019.25148898 51 101
116  47.43258967  019.25269463  47.43289844  019.25311386
120 Linear Feature 42
112  47.44474811  019.22316034  47.44476834  019.22327466 51
112  47.44451605  019.22381406  47.44433008  019.22393106 51
111  47.44062517  019.22667585 51
112  47.44033071  019.22680682  47.44025157  019.22681745 51
112  47.44004582  019.22677502  47.43993501  019.22671319
111  47.44004582  019.22677502 51
111  47.43941735  019.22645633
112  47.43941735  019.22645633  47.43925423  019.22637273 51
112  47.43891041  019.22664675  47.43881940  019.22674735
111  47.43891041  019.22664675 51
111  47.43710584  019.22868289 51
111  47.43651484  019.22935150 51
111  47.43488754  019.23119565
112  47.43488754  019.23119565  47.43456043  019.23158072 51
112  47.43428407  019.23222380  47.43406646  019.23287716
111  47.43428407  019.23222380 51
112  47.43383816  019.23356865  47.43368754  019.23401330
111  47.43383816  019.23356865 51
112  47.42940186  019.24690395  47.42925124  019.24734860
111  47.42940186  019.24690395 51
111  47.42919286  019.24758539
112  47.42919286  019.24758539  47.42913001  019.24779410 51
112  47.42928880  019.24823368  47.42940268  019.24838659
111  47.42928880  019.24823368 51
111  47.42995637  019.24913630 51
115  47.43060772  019.25001644
120 Linear Feature 1
111  47.43060772  019.25001644 51
111  47.43125808  019.25089469 51 101
111  47.43139734  019.25108274 51 101
111  47.43258967  019.25269463 51 101
111  47.43325978  019.25360012 51 101
111  47.43392410  019.25449775 51 101
111  47.43516524  019.25617476 51 101
111  47.43545576  019.25656731 51 101
111  47.43565622  019.25683816 51 101
111  47.43594784  019.25723219 51 101
111  47.43719312  019.25894035 51 101
111  47.43786038  019.25981650 51 101
111  47.43899207  019.26134578 51
111  47.43965628  019.26224336 51
111  47.44034372  019.26317182 51
112  47.44064963  019.26438630  47.44066827  019.26518798 51
111  47.44042790  019.26560588 51
115  47.43999265  019.26630967
120 Linear Feature 41
112  47.44451605  019.22381406  47.44465265  019.22371853 51
116  47.44496613  019.22415861  47.44504026  019.22451675
120 Linear Feature 6
112  47.43962817  019.26130352  47.43979829  019.26102497
111  47.43962817  019.26130352
112  47.43962817  019.26130352  47.43945628  019.26157943 51 101
112  47.43899207  019.26134578  47.43881246  019.26110709
111  47.43899207  019.26134578
112  47.43899207  019.26134578  47.43916882  019.26159037 51 101
112  47.43902099  019.26228558  47.43885735  019.26255458
111  47.43902099  019.26228558
112  47.43902099  019.26228558  47.43918766  019.26202255 51
112  47.43965628  019.26224336  47.43983954  019.26248555
111  47.43965628  019.26224336
114  47.43965628  019.26224336  47.43947627  019.26199522 51
120 Linear Feature 5
112  47.43971564  019.26017557  47.43989432  019.26041535 51 101
116  47.43974460  019.26111500  47.43958714  019.26136773
120 Linear Feature 4
112  47.43139734  019.25108274  47.43150244  019.25122643 51
111  47.43182047  019.25124357 51
111  47.43280955  019.25129277 51
112  47.43330838  019.25151910  47.43345864  019.25172330
111  47.43330838  019.25151910 51 101
111  47.43791565  019.25776173 51 101
111  47.43858577  019.25864897 51 101
111  47.43971564  019.26017557
112  47.43971564  019.26017557  47.43989432  019.26041535 51 101
116  47.44035179  019.26013311  47.44051972  019.25986489
120 Linear Feature 31
111  47.43817891  019.24180113 20
112  47.43832009  019.24273147  47.43871278  019.24326423
111  47.43832009  019.24273147
112  47.43832009  019.24273147  47.43791970  019.24221010 20
115  47.43771390  019.24255343
120 Linear Feature 30
111  47.43832009  019.24273147 20
115  47.43930517  019.24406961
21  47.44310562  019.26232270 2 132.5000 3.00 13L PAPI-4L
21  47.44235121  019.26136423 3 132.5000 3.00 13L PAPI-4R
21  47.44653300  019.22526788 2 132.4500 3.00 13R PAPI-4L
21  47.44578679  019.22433489 3 132.4500 3.00 13R PAPI-4R
21  47.43292725  019.24526173 2 312.4500 3.00 31L PAPI-4L
21  47.43351335  019.24645964 3 312.4500 3.00 31L PAPI-4R
21  47.42493215  019.28956732 2 312.5000 3.00 31R PAPI-4L
21  47.42563566  019.29055075 3 312.5000 3.00 31R PAPI-4R
20  47.43856268  019.25921245 209.3600 0 2 {@L}A
20  47.43636190  019.22916346 142.6000 0 4 {@L}A1
20  47.43419207  019.23193387 116.2400 0 4 {@L}A1
20  47.42923227  019.24669194 116.2700 0 4 {@L}A1{@R}31L
20  47.43662153  019.22969292 323.0400 0 4 {@L}A1{@Y}B1{^r}
20  47.43205200  019.25119000 221.2600 0 4 {@L}A2
20  47.43157007  019.25075186 221.6400 0 4 {@L}A2{@R}31L
20  47.43278089  019.25363082 209.9200 0 4 {@L}A3
20  47.43722168  019.25838457 26.5600 0 4 {@L}A4
20  47.43782781  019.26040821 29.5200 0 4 {@L}A5
20  47.43694099  019.26505571 107.5800 0 4 {@L}A7
20  47.43748956  019.26353457 29.9700 0 4 {@L}A7{@Y}L{^r}
20  47.43273879  019.27181683 118.1600 0 4 {@L}A8
20  47.42126892  019.29064255 124.0200 0 4 {@L}A9{@R}31R
20  47.43742137  019.23593955 82.2000 0 4 {@L}B1{@R}31L
20  47.43553364  019.24544885 131.3900 0 4 {@L}B2
20  47.43791812  019.25721764 207.5900 0 4 {@L}B3
20  47.44453989  019.25647916 229.1300 0 4 {@L}B5
20  47.44494481  019.25599795 243.3300 0 4 {@L}B5
20  47.44128585  019.25806230 294.9500 0 4 {@L}B5
20  47.44069553  019.26013385 294.9500 0 4 {@L}B5
20  47.44469127  019.22433761 88.7900 0 4 {@L}C{@R}13R
20  47.44551606  019.22219415 122.4400 0 4 {@L}D
20  47.44756709  019.22018554 6.1300 0 4 {@L}D{@R}13R
20  47.43705653  019.24209068 102.1800 0 4 {@L}J4
20  47.43650312  019.24191443 105.0700 0 4 {@L}J4{@Y}B2{^ru}
20  47.43962951  019.26279487 209.3400 0 4 {@L}K
20  47.44036652  019.26269818 22.0200 0 4 {@L}K
20  47.43989136  019.26310132 42.3300 0 4 {@L}K{@R}13L
20  47.42832484  019.28245694 220.6200 0 4 {@L}X
20  47.42751162  019.28237919 203.1700 0 4 {@L}X
20  47.42783628  019.28285596 46.5600 0 4 {@L}X{@R}31R
20  47.43381422  019.27156905 102.2600 0 4 {@L}Y
20  47.43428166  019.27172756 102.2600 0 4 {@L}Y
20  47.43346760  019.27372359 103.3700 0 4 {@L}Y{@R}13L
20  47.43783437  019.26804767 284.1100 0 4 {@L}Z
20  47.43741757  019.26735070 103.5700 0 4 {@L}Z{@R}13L
20  47.43659420  019.23956144 162.4400 0 4 {@R}{no-entry}
20  47.43611753  019.24034523 178.2500 0 4 {@R}{no-entry}
20  47.44492631  019.25596770 31.4600 0 4 {@R}13L{@L}B5
20  47.44452763  019.25645899 47.5100 0 4 {@R}13L{@L}B5
20  47.44023504  019.26253458 40.2500 0 4 {@R}13L{@L}K
20  47.43394793  019.27387641 100.8700 0 4 {@R}13L{@L}Y
20  47.43790902  019.26750645 104.1100 0 4 {@R}13L{@L}Z
20  47.44526030  019.22437181 64.3100 0 4 {@R}13R{@L}C
20  47.44762632  019.21941717 359.4600 0 4 {@R}13R{@L}D
20  47.42964432  019.24698680 115.8400 0 4 {@R}31L{@L}A1
20  47.43118589  019.25136135 219.8700 0 4 {@R}31L{@L}A2
20  47.43794151  019.23580652 80.1400 0 4 {@R}31L{@L}B1
20  47.42175411  019.29088689 106.2700 0 4 {@R}31R{@L}A9
20  47.42819039  019.28228778 45.7200 0 4 {@R}31R{@L}X
20  47.43220859  019.25087996 142.4100 0 4 {@Y}{^l}A3{@L}T{@Y}A2{^r}
20  47.43346350  019.25489546 310.7200 0 4 {@Y}{^l}A3{@L}U{@Y}A4{^r}
20  47.43743315  019.26030748 116.2800 0 4 {@Y}{^l}A4{^u}M{@L}P1{@Y}A5{^r}
20  47.43867580  019.26219285 312.5300 0 4 {@Y}{^l}A5{^u}N{@L}A6{@Y}K{^r}
20  47.43763504  019.25845716 301.2000 0 4 {@Y}{^l}A5{^u}P1{@L}M{@Y}A4{^r}
20  47.43702270  019.26418734 208.7200 0 4 {@Y}{^l}A6{^u}Z{@L}L{@Y}A7{^r}
20  47.43338767  019.27015932 53.1900 0 4 {@Y}{^l}A8{@L}P4{@Y}A9{^r}
20  47.43773320  019.23080620 142.4900 0 4 {@Y}{^l}B1
20  47.43381382  019.24940010 293.9900 0 4 {@Y}{^l}B3{@L}B2{@Y}{^u}T
20  47.43813547  019.25910881 115.6100 0 4 {@Y}{^l}B3{@L}M{@Y}B4{^r}
20  47.43944392  019.26088747 297.3300 0 4 {@Y}{^l}B4{@L}N{@Y}{^u}B5
20  47.43991580  019.26150304 297.3300 0 4 {@Y}{^l}B4{@L}N{@Y}{^u}B5
20  47.43973588  019.25963102 26.7700 0 4 {@Y}{^l}B5{@L}B4{@Y}N{^r}
20  47.44413226  019.22448364 357.9000 0 4 {@Y}{^l}D{@L}APRON1{@Y}C{^r}
20  47.43901720  019.26080225 24.3600 0 4 {@Y}{^l}K{@L}N{@Y}A5{^r}
20  47.43760650  019.26596270 275.1300 0 4 {@Y}{^l}L{@L}A7
20  47.43897070  019.25861354 222.4300 0 4 {@Y}{^l}M{@L}B4{@Y}{^u}B3
20  47.43862687  019.26150350 42.8100 0 4 {@Y}{^l}N{^u}K{@L}A5{@Y}A6{^r}
20  47.43355265  019.25241703 204.8700 0 4 {@Y}{^l}T{@L}B3{@Y}B2{^r}
20  47.43273233  019.25478455 300.1900 0 4 {@Y}{^l}W2{@L}U
20  47.42865810  019.27958890 115.3400 0 4 {@Y}{^l}X{@L}A8{@Y}{^u}A9
20  47.43822471  019.26537766 283.5700 0 4 {@Y}{^ld}L{@L}Z{@Y}{^u}A7
20  47.43439034  019.26915337 132.5100 0 4 {@Y}{^lu}Y{@L}A7{@Y}{^u}A8
20  47.43886091  019.26311625 117.6800 0 4 {@Y}{^lu}Z{@L}A6{@Y}A7{^u}
20  47.43308625  019.25285059 27.0100 0 4 {@Y}{^u}A2{@L}A3{@Y}T{^r}
20  47.43748849  019.25779116 42.2100 0 4 {@Y}{^u}B4{@L}B3{@Y}M{^r}
15  47.44128529  019.22532139 283.28 5
15  47.44197152  019.22482933 283.28 4
15  47.44269549  019.22429160 283.28 3
1300  47.44342066  019.22375941 289.59 gate heavy|jets 2
1300  47.44411338  019.22319074 289.59 gate heavy|jets 1
1300  47.44016461  019.22553589 270.00 gate jets|turboprops 107
1300  47.43933489  019.22552667 270.00 gate jets|turboprops 109
1300  47.43975287  019.22552206 270.00 gate jets|turboprops 108
1300  47.43941491  019.22753573  53.57 gate jets|turboprops R111
1300  47.43900110  019.22803268  53.11 gate jets|turboprops R113
1300  47.43842178  019.22863265  27.96 gate jets|turboprops R115
1300  47.43783173  019.22931941  28.00 gate jets|turboprops R117
1300  47.43425307  019.26309157 222.00 gate jets|turboprops G43
1300  47.43322940  019.26768097 222.00 gate jets|turboprops R279
1300  47.43356526  019.26713356 222.00 gate jets|turboprops R278
1300  47.43400099  019.26660389 222.00 gate jets|turboprops R277
1300  47.43426038  019.26615987 222.00 gate jets|turboprops R276
1300  47.43451959  019.26572830 222.00 gate jets|turboprops R275
1300  47.43479740  019.26531989 222.00 gate jets|turboprops R274
1300  47.43512691  019.26480088 222.00 gate jets|turboprops R273
1300  47.43537890  019.26433119 222.00 gate jets|turboprops R272
1300  47.43563707  019.26390039 222.00 gate jets|turboprops R271
1300  47.43590386  019.26346779 222.00 gate jets|turboprops R270
1300  47.43295149  019.25944215 -183.57 gate jets|turboprops G39
1300  47.43371656  019.25870920 222.00 gate jets|turboprops G38
1300  47.43395170  019.25820103 222.00 gate jets|turboprops G37
1300  47.43452120  019.26254723 222.00 gate jets|turboprops G43
1300  47.43445398  019.26167108 177.91 gate heavy|jets|turboprops G43
1300  47.43569436  019.26056919 -47.88 gate jets|turboprops R212
1300  47.43536812  019.26020046 314.01 gate jets|turboprops R211
1300  47.43507235  019.25977269 311.80 gate jets|turboprops R210
1300  47.43413086  019.26122130 132.42 gate jets|turboprops G42
1300  47.43192256  019.25845971 108.14 gate heavy|jets|turboprops G34
1300  47.43143176  019.25898321  81.75 gate heavy|jets|turboprops G33
1300  47.43647865  019.25957722 312.43 gate jets|turboprops R227
1300  47.43619396  019.25915157 312.43 gate jets|turboprops R226
1300  47.43578633  019.25860156 312.43 gate jets|turboprops R225
1300  47.43548222  019.25819504 312.43 gate jets|turboprops R224
1300  47.43458284  019.25691811 312.43 gate jets|turboprops R223
1300  47.43428521  019.25651160 312.43 gate jets|turboprops R222
1300  47.43389052  019.25596161 312.43 gate jets|turboprops R221
1300  47.43358641  019.25555032 312.43 gate jets|turboprops R220
1300  47.43310553  019.25708483  42.00 gate jets|turboprops G36
1300  47.43283276  019.25754438  42.00 gate jets|turboprops G35
1300  47.43111167  019.25955016  42.00 gate jets|turboprops G32
1300  47.43084525  019.26000426  42.00 gate jets|turboprops G31
19  47.43730303  019.25800037 1 APRON2 Windsock
19  47.43676216  019.23224545 1 Heliport Windsock
19  47.44376240  019.26326271 1 Windsock
19  47.42446094  019.28836103 1 Windsock
19  47.44710335  019.22645159 1 Windsock
19  47.43230340  019.24413051 1 Windsock
50 13237 LHBP ATIS
52 13455 FERIHEGY CLD
53 12190 FERIHEGY GND
54 11810 FERIHEGY TWR
55 12969 BUDAPEST APP
55 11950 FERIHEGY APP
1000 northerly day
1002 LHBP 0
1003 LHBP 0.0
1101 31R left
1100 31R  13300 arrivals heavy|jets|turboprops 000000 000000 Unnamed Runway Use
1100 31L  13300 arrivals|departures heavy|jets|turboprops|props 000000 000000 Unnamed Runway Use
1000 southerly day
1001 LHBP 042 222 999
1002 LHBP 0
1003 LHBP 0.0
1101 13R left
1100 13R  13300 arrivals|departures heavy|jets|turboprops|props 000000 000000 Unnamed Runway Use
1100 13L  13300 departures heavy|jets|turboprops 000000 000000 Unnamed Runway Use
1200 
1201  47.43449459  019.26427343 both 0 S_stop
1201  47.43588435  019.26201934 both 1 Q_stop
1201  47.43303413  019.26662700 both 2 V_stop
1201  47.43285638  019.26958182 both 3 P3_stop
1201  47.43235863  019.26773855 both 4 P3_stop(split)
1201  47.43678520  019.26321873 both 5 P2_stop
1201  47.43670568  019.26069798 both 6 W1_stop
1201  47.43673561  019.26139097 both 7 W1_stop(split)
1201  47.43676985  019.26252972 both 8 W1_stop(split)(split)
1201  47.43458185  019.25784225 both 9 T7S_stop
1201  47.43406979  019.25954516 both 10 T7N_stop
1201  47.43767402  019.26743164 both 11 Z_stop
1201  47.43798767  019.26524203 both 12 Z_stop(split)
1201  47.43793132  019.26476755 both 13 Z_stop(split)(split)
1201  47.43370851  019.27381376 both 14 Y_stop
1201  47.43421664  019.27055062 both 15 Y_stop(split)
1201  47.42802493  019.28260032 both 16 X_start
1201  47.42762167  019.28208188 both 17 X_start(split)
1201  47.42754220  019.28124695 both 18 X_start(split)
1201  47.42841531  019.28312995 both 19 X_start(split)
1201  47.42874455  019.28342746 both 20 X_start(split)(split)
1201  47.42919060  019.28341396 both 21 X_start(split)(split)(split)
1201  47.44009215  019.26283198 both 22 K_stop
1201  47.44044037  019.26331471 both 23 K_stop(split)
1201  47.44063016  019.26395494 both 24 K_stop(split)
1201  47.44064520  019.26487580 both 25 K_stop(split)
1201  47.44763714  019.21978632 both 26 D_start
1201  47.44798444  019.21999574 both 27 D_start(split)
1201  47.44826794  019.22050578 both 28 D_start(split)
1201  47.44830338  019.22113110 both 29 D_start(split)(split)
1201  47.44497898  019.22424004 both 30 C_stop
1201  47.44524520  019.22555052 both 31 C_stop(split)
1201  47.44527342  019.22603748 both 32 C_stop(split)
1201  47.44473059  019.22284804 both 33 C_start
1201  47.44480046  019.22255469 both 34 C_start(split)
1201  47.44499907  019.22228975 both 35 C_start(split)
1201  47.44693550  019.22012798 both 36 C_start(split)
1201  47.44729054  019.21980792 both 37 C_start(split)
1201  47.44474806  019.22315453 both 38 C_start(split)
1201  47.44481385  019.22360338 both 39 C_start(split)(split)
1201  47.44062517  019.22667585 both 40 C_start(split)(split)(split)
1201  47.43988324  019.22670473 both 41 C_start(split)(split)(split)(split)
1201  47.43918445  019.22634121 both 42 C_start(split)(split)(split)(split)
1201  47.43668912  019.24271717 both 43 J4_stop
1201  47.43640587  019.24409961 both 44 J4_stop(split)
1201  47.43237454  019.25126739 both 45 B2_stop
1201  47.43182047  019.25124357 both 46 B2_stop(split)
1201  47.43157781  019.25121044 both 47 B2_stop(split)(split)
1201  47.43229562  019.25170010 both 48 B2_stop(split)
1201  47.43236497  019.25223237 both 49 B2_stop(split)(split)
1201  47.43330838  019.25151910 both 50 B2_stop
1201  47.43288826  019.25129583 both 51 B2_stop(split)
1201  47.43893633  019.23888619 both 52 B2_stop
1201  47.43907802  019.23921183 both 53 B2_stop(split)
1201  47.43914917  019.23967527 both 54 B2_stop(split)(split)
1201  47.43910345  019.24017580 both 55 B2_stop(split)(split)(split)
1201  47.43893328  019.24058071 both 56 B2_stop(split)(split)(split)(split)
1201  47.43590383  019.24548390 both 57 B2_stop(split)(split)(split)(split)(split)
1201  47.43329117  019.24970856 both 58 B2_stop(split)
1201  47.43249125  019.25100247 both 59 B2_stop(split)(split)
1201  47.43304416  019.25028756 both 60 B2_stop(split)(split)
1201  47.43305715  019.25100594 both 61 B2_stop(split)(split)(split)
1201  47.43060997  019.25000968 both 62 A1_stop
1201  47.42326124  019.29310420 both 63 A9_stop
1201  47.42295066  019.29323829 both 64 A9_stop
1201  47.42263227  019.29327598 both 65 A9_stop
1201  47.42235612  019.29321455 both 66 A9_stop
1201  47.42209295  019.29304717 both 67 A9_stop
1201  47.42186270  019.29280493 both 68 A9_stop
1201  47.42164374  019.29243123 both 69 A9_stop
1201  47.42149706  019.29197183 both 70 A9_stop
1201  47.42143778  019.29145591 both 71 A9_stop
1201  47.42148806  019.29086525 both 72 A9_stop
1201  47.42762425  019.28071621 both 73 A8_stop
1201  47.42179002  019.29006356 both 74 A8_stop(split)
1201  47.43336785  019.27142646 both 75 A7_stop
1201  47.43769093  019.26443715 both 76 A6_stop
1201  47.43439907  019.26975794 both 77 A6_stop(split)
1201  47.43932399  019.26178379 both 78 A5_stop
1201  47.43833279  019.26340591 both 79 A5_stop(split)
1201  47.43753103  019.25936403 both 80 A4_stop
1201  47.43358875  019.25404886 both 81 A3_stop
1201  47.43276370  019.25538868 both 82 A3_stop(split)
1201  47.43540877  019.25650549 both 83 A3_stop(split)
1201  47.43570345  019.25690317 both 84 A3_stop(split)
1201  47.43487544  019.25824278 both 85 A3_stop(split)(split)
1201  47.43197233  019.25185018 both 86 A2_stop
1201  47.43255564  019.25264959 both 87 A2_stop(split)
1201  47.43136013  019.25103240 both 88 A2_stop
1201  47.42940186  019.24690395 both 89 A1_stop
1201  47.42919286  019.24758539 both 90 A1_stop(split)
1201  47.42916391  019.24794838 both 91 A1_stop(split)(split)
1201  47.42928880  019.24823368 both 92 A1_stop(split)(split)(split)
1201  47.42995637  019.24913630 both 93 A1_stop(split)(split)(split)(split)
1201  47.43031938  019.24947225 both 94 A1_stop(split)(split)(split)(split)(split)
1201  47.43075108  019.24948495 both 95 A1_stop(split)(split)(split)(split)(split)(split)
1201  47.43768068  019.23590095 both 96 B1_stop
1201  47.43775552  019.23667400 both 97 B1_stop(split)
1201  47.43789591  019.23732765 both 98 B1_stop(split)(split)
1201  47.43694126  019.22886776 both 99 A1_start
1201  47.43447997  019.23166346 both 100 A1_start(split)
1201  47.43383816  019.23356865 both 101 unnamed entity(split)
1201  47.43099948  019.24938171 both 102 13R/31L_stop
1201  47.43094100  019.24979251 both 103 13R/31L_stop(split)
1201  47.43100973  019.25042429 both 104 13R/31L_stop(split)(split)
1201  47.44822954  019.22148652 both 105 13R/31L_start
1201  47.44514192  019.22652669 both 106 13R/31L_start(split)
1201  47.43816897  019.23781192 both 107 13R/31L_start(split)
1201  47.43772534  019.23852043 both 108 13R/31L_start(split)(split)
1201  47.43784558  019.23802074 both 109 13R/31L_start(split)(split)(split)
1201  47.43784917  019.23749624 both 110 13R/31L_start(split)(split)(split)
1201  47.43709525  019.24020789 both 111 13R/31L_start(split)(split)(split)
1201  47.42361977  019.29269211 both 112 13L/31R_stop
1201  47.44488960  019.25841081 both 113 13L/31R_start
1201  47.44043006  019.26562876 both 114 13L/31R_start(split)
1201  47.43647886  019.27204335 both 115 13L/31R_start(split)(split)
1201  47.43706429  019.27066889 both 116 13L/31R_start(split)(split)(split)
1201  47.43740801  019.26913533 both 117 13L/31R_start(split)(split)(split)
1201  47.43256736  019.27829433 both 118 13L/31R_start(split)(split)
1201  47.43313261  019.27692343 both 119 13L/31R_start(split)(split)(split)
1201  47.43345401  019.27547990 both 120 13L/31R_start(split)(split)(split)
1201  47.42952835  019.28318426 both 121 13L/31R_start(split)(split)
1201  47.42852081  019.28483754 both 122 13L/31R_start(split)(split)(split)
1201  47.42868687  019.28427556 both 123 13L/31R_start(split)(split)(split)(split)
1201  47.42864859  019.28361617 both 124 13L/31R_start(split)(split)(split)(split)
1201  47.44474971  019.25622937 both 125 B5_stop
1201  47.44495240  019.25672260 both 126 B5_stop(split)
1201  47.44503831  019.25731442 both 127 B5_stop(split)
1201  47.44502074  019.25787160 both 128 B5_stop(split)(split)
1201  47.43092545  019.25836704 both 129 U_stop
1201  47.44004156  019.26062907 both 130 B4_stop
1201  47.44288425  019.25603754 both 131 B4_stop(split)
1201  47.44328688  019.25563734 both 132 B4_stop(split)(split)
1201  47.44383862  019.25552838 both 133 B4_stop(split)(split)
1201  47.44436368  019.25574071 both 134 B4_stop(split)(split)(split)
1201  47.43824394  019.25820270 both 135 B3_stop
1202 1 10 twoway taxiway H1
1202 5 1 twoway taxiway R
1202 1 0 twoway taxiway S
1202 6 1 twoway taxiway Q
1202 3 4 twoway taxiway V
1202 4 2 twoway taxiway V
1202 3 75 twoway taxiway P4
1202 5 3 twoway taxiway P3
1202 76 5 twoway taxiway L
1202 6 7 twoway taxiway P2
1202 7 8 twoway taxiway P2
1202 8 5 twoway taxiway P2
1202 80 6 twoway taxiway P1
1202 85 6 twoway taxiway W1
1202 9 85 twoway taxiway W2
1202 82 9 twoway taxiway W2
1202 83 9 twoway taxiway T7S
1202 84 85 twoway taxiway T7N
1202 85 10 twoway taxiway T7N
1202 14 15 oneway taxiway Y
1202 15 77 oneway taxiway Y
1202 12 13 oneway taxiway Z
1202 13 76 oneway taxiway Z
1202 11 12 oneway taxiway Z
1202 12 79 oneway taxiway Z
1202 115 116 oneway taxiway Z
1204 departure 13L,31R
1204 arrival 13L,31R
1202 116 117 oneway taxiway Z
1204 departure 13L,31R
1204 arrival 13L,31R
1202 117 11 oneway taxiway Z
1204 departure 13L,31R
1204 arrival 13L,31R
1202 118 119 oneway taxiway Y
1204 departure 13L,31R
1204 arrival 13L,31R
1202 119 120 oneway taxiway Y
1204 departure 13L,31R
1204 arrival 13L,31R
1202 120 14 oneway taxiway Y
1204 departure 13L,31R
1204 arrival 13L,31R
1202 16 17 twoway taxiway X
1202 17 18 twoway taxiway X
1202 18 73 twoway taxiway X
1202 16 19 twoway taxiway X
1204 departure 13L,31R
1204 arrival 13L,31R
1202 19 20 twoway taxiway X
1204 departure 13L,31R
1204 arrival 13L,31R
1202 122 123 twoway taxiway X
1204 departure 13L,31R
1204 arrival 13L,31R
1202 123 124 twoway taxiway X
1204 departure 13L,31R
1204 arrival 13L,31R
1202 124 19 twoway taxiway X
1204 departure 13L,31R
1204 arrival 13L,31R
1202 20 21 twoway taxiway X
1204 departure 13L,31R
1204 arrival 13L,31R
1202 21 121 twoway taxiway X
1204 departure 13L,31R
1204 arrival 13L,31R
1202 22 23 twoway taxiway K
1204 departure 13L,31R
1204 arrival 13L,31R
1202 23 24 twoway taxiway K
1204 departure 13L,31R
1204 arrival 13L,31R
1202 24 25 twoway taxiway K
1204 departure 13L,31R
1204 arrival 13L,31R
1202 25 114 twoway taxiway K
1204 departure 13L,31R
1204 arrival 13L,31R
1202 78 22 twoway taxiway K
1202 39 40 twoway taxiway G
1202 40 41 twoway taxiway G
1202 41 42 twoway taxiway G
1202 42 99 twoway taxiway G
1202 33 34 twoway taxiway D
1202 34 35 twoway taxiway D
1202 35 36 twoway taxiway D
1202 36 37 twoway taxiway D
1202 37 26 twoway taxiway D
1202 26 27 twoway taxiway D
1204 departure 13R,31L
1204 arrival 13R,31L
1202 27 28 twoway taxiway D
1204 departure 13R,31L
1204 arrival 13R,31L
1202 28 29 twoway taxiway D
1204 departure 13R,31L
1204 arrival 13R,31L
1202 29 105 twoway taxiway D
1204 departure 13R,31L
1204 arrival 13R,31L
1202 30 31 twoway taxiway C
1204 departure 13R,31L
1204 arrival 13R,31L
1202 31 32 twoway taxiway C
1204 departure 13R,31L
1204 arrival 13R,31L
1202 32 106 twoway taxiway C
1204 departure 13R,31L
1204 arrival 13R,31L
1202 33 38 twoway taxiway C
1202 38 39 twoway taxiway C
1202 39 30 twoway taxiway C
1202 43 44 oneway taxiway J4
1202 44 57 oneway taxiway J4
1202 108 111 oneway taxiway J4
1204 departure 13R,31L
1204 arrival 13R,31L
1202 111 43 oneway taxiway J4
1204 departure 13R,31L
1204 arrival 13R,31L
1202 50 51 twoway taxiway B3
1202 51 45 twoway taxiway B3
1202 45 46 twoway taxiway A2
1202 46 47 twoway taxiway A2
1202 47 88 twoway taxiway A2
1202 45 48 twoway taxiway T
1202 48 49 twoway taxiway T
1202 49 87 twoway taxiway T
1202 58 59 twoway taxiway B2
1202 59 45 twoway taxiway B2
1202 52 53 twoway taxiway B2
1202 53 54 twoway taxiway B2
1202 54 55 twoway taxiway B2
1202 55 56 twoway taxiway B2
1202 56 57 twoway taxiway B2
1202 57 58 twoway taxiway B2
1202 58 60 twoway taxiway B2
1202 60 61 twoway taxiway B2
1202 61 50 twoway taxiway B2
1202 107 52 twoway taxiway B2
1204 departure 13R,31L
1204 arrival 13R,31L
1202 62 88 twoway taxiway A2
1204 departure 13R,31L
1204 arrival 13R,31L
1202 93 62 twoway taxiway A1
1204 departure 13R,31L
1204 arrival 13R,31L
1202 89 90 twoway taxiway A1
1204 departure 13R,31L
1204 arrival 13R,31L
1202 90 91 twoway taxiway A1
1204 departure 13R,31L
1204 arrival 13R,31L
1202 91 92 twoway taxiway A1
1204 departure 13R,31L
1204 arrival 13R,31L
1202 92 93 twoway taxiway A1
1204 departure 13R,31L
1204 arrival 13R,31L
1202 93 94 twoway taxiway A1
1204 departure 13R,31L
1204 arrival 13R,31L
1202 102 103 twoway taxiway A2
1204 departure 13R,31L
1204 arrival 13R,31L
1202 103 104 twoway taxiway A2
1204 departure 13R,31L
1204 arrival 13R,31L
1202 104 88 twoway taxiway A2
1204 departure 13R,31L
1204 arrival 13R,31L
1202 73 74 twoway taxiway A9
1202 63 112 twoway taxiway A9
1204 departure 13L,31R
1204 arrival 13L,31R
1202 64 63 twoway taxiway A9
1204 departure 13L,31R
1204 arrival 13L,31R
1202 65 64 twoway taxiway A9
1204 departure 13L,31R
1204 arrival 13L,31R
1202 66 65 twoway taxiway A9
1204 departure 13L,31R
1204 arrival 13L,31R
1202 67 66 twoway taxiway A9
1204 departure 13L,31R
1204 arrival 13L,31R
1202 68 67 twoway taxiway A9
1204 departure 13L,31R
1204 arrival 13L,31R
1202 69 68 twoway taxiway A9
1204 departure 13L,31R
1204 arrival 13L,31R
1202 70 69 twoway taxiway A9
1204 departure 13L,31R
1204 arrival 13L,31R
1202 71 70 twoway taxiway A9
1204 departure 13L,31R
1204 arrival 13L,31R
1202 72 71 twoway taxiway A9
1204 departure 13L,31R
1204 arrival 13L,31R
1202 74 72 twoway taxiway A9
1202 75 73 twoway taxiway A8
1202 76 77 twoway taxiway A7
1202 77 75 twoway taxiway A7
1202 78 79 twoway taxiway A6
1202 79 76 twoway taxiway A6
1202 80 78 twoway taxiway A5
1202 81 83 twoway taxiway A4
1202 83 84 twoway taxiway A4
1202 84 80 twoway taxiway A4
1202 86 87 twoway taxiway A3
1202 87 81 twoway taxiway A3
1202 88 86 twoway taxiway A2
1202 94 95 twoway taxiway A1
1204 departure 13R,31L
1204 arrival 13R,31L
1202 95 102 twoway taxiway A1
1204 departure 13R,31L
1204 arrival 13R,31L
1202 99 100 twoway taxiway A1
1202 100 101 twoway taxiway A1
1202 101 89 twoway taxiway A1
1202 96 97 twoway taxiway B1
1204 departure 13R,31L
1204 arrival 13R,31L
1202 97 98 twoway taxiway B1
1204 departure 13R,31L
1204 arrival 13R,31L
1202 98 107 twoway taxiway B1
1204 departure 13R,31L
1204 arrival 13R,31L
1202 99 96 twoway taxiway B1
1202 105 106 twoway runway 13R/31L
1204 departure 13R,31L
1204 arrival 13R,31L
1204 ils 13R,31L
1202 106 107 twoway runway 13R/31L
1204 departure 13R,31L
1204 arrival 13R,31L
1204 ils 13R,31L
1202 107 108 twoway runway 13R/31L
1204 departure 13R,31L
1204 arrival 13R,31L
1204 ils 13R,31L
1202 108 102 twoway runway 13R/31L
1204 departure 13R,31L
1204 arrival 13R,31L
1204 ils 13R,31L
1202 108 109 oneway taxiway B1
1204 departure 13R,31L
1204 arrival 13R,31L
1202 109 110 oneway taxiway B1
1204 departure 13R,31L
1204 arrival 13R,31L
1202 110 97 oneway taxiway B1
1204 departure 13R,31L
1204 arrival 13R,31L
1202 113 114 twoway runway 13L/31R
1204 departure 13L,31R
1204 arrival 13L,31R
1204 ils 13L,31R
1202 114 115 twoway runway 13L/31R
1204 departure 13L,31R
1204 arrival 13L,31R
1204 ils 13L,31R
1202 115 118 twoway runway 13L/31R
1204 departure 13L,31R
1204 arrival 13L,31R
1204 ils 13L,31R
1202 118 121 twoway runway 13L/31R
1204 departure 13L,31R
1204 arrival 13L,31R
1204 ils 13L,31R
1202 121 122 twoway runway 13L/31R
1204 departure 13L,31R
1204 arrival 13L,31R
1204 ils 13L,31R
1202 122 112 twoway runway 13L/31R
1204 departure 13L,31R
1204 arrival 13L,31R
1204 ils 13L,31R
1202 125 126 twoway taxiway B5
1204 departure 13L,31R
1204 arrival 13L,31R
1202 126 127 twoway taxiway B5
1204 departure 13L,31R
1204 arrival 13L,31R
1202 127 128 twoway taxiway B5
1204 departure 13L,31R
1204 arrival 13L,31R
1202 128 113 twoway taxiway B5
1204 departure 13L,31R
1204 arrival 13L,31R
1202 130 131 twoway taxiway B5
1202 131 132 twoway taxiway B5
1202 132 133 twoway taxiway B5
1202 133 134 twoway taxiway B5
1202 134 125 twoway taxiway B5
1202 81 82 twoway taxiway U
1202 82 129 twoway taxiway U
1202 135 80 twoway taxiway M
1202 130 78 twoway taxiway N
1202 135 130 twoway taxiway B4
1202 50 135 twoway taxiway B3
99
