I
1130 Generated by WorldEditor 2.0.0r4

1    363 1 0 LHJK Jakabszallas
100 28.00 3 0 0.00 0 0 0 14R  46.75129834  019.60116726    0    0 0 0 0 0 32L  46.74435824  019.60805552    0    0 0 0 0 0
100 19.00 1 1 0.25 0 1 0 14L  46.74983909  019.60306446    0    0 2 0 0 0 32R  46.74537381  019.60749504    0    0 2 0 0 0
110 1 0.25 235.0000 New Taxiway 1
112  46.74888070  019.60427094  46.74887906  019.60427251
111  46.74887230  019.60417412
112  46.74877113  019.60427480  46.74877094  019.60427466
112  46.74882668  019.60432783  46.74882668  019.60432609
111  46.74913671  019.60496747
113  46.74918933  019.60490980
120 Linear Feature 1
111  46.74881525  019.60423204 22
116  46.74885820  019.60403781  46.74894905  019.60394651
120 Linear Feature 1
111  46.74881589  019.60423176 22
115  46.74916310  019.60493783
120 Linear Feature 2
111  46.74862538  019.60426927 22
116  46.74881550  019.60423286  46.74887132  019.60435221
14  46.74368404  019.60854537   6.56 0 New Tower Viewpoint 1
15  46.74912388  019.60485812 -125.73 New Ramp Start 1
15  46.74833969  019.60568389  -7.34 New Ramp Start 2
19  46.74392384  019.60828097 0 New Windsock 5
19  46.74915161  019.60469140 0 New Windsock 2
1054 125210 INFO
99
