I
1100 Generated by WorldEditor 1.6.0r1

1   1095 1 0 LHGY Gyöngyös Pipishegy
1302 city Gyöngyös
1302 country Hungary
1302 icao_code LHGY
1302 region_code LH
1302 state Heves
1302 transition_alt 2100
100 100.00 3 0 0.25 0 0 0 15  47.81748479  019.97405088    0    0 1 0 0 0 33  47.81129921  019.97958548    0    0 1 0 0 0
110 15 0.40 60.0000 New Taxiway 1
111  47.81293223  019.97888203
112  47.81295837  019.97896637  47.81297259  019.97899076
112  47.81304115  019.97908640  47.81306097  019.97913843
112  47.81308690  019.97922914  47.81310828  019.97925709
112  47.81320907  019.97928471  47.81323809  019.97928659
112  47.81330270  019.97928182  47.81337401  019.97928370
112  47.81342240  019.97927780  47.81342893  019.97927780
112  47.81348340  019.97927780  47.81348775  019.97927780
111  47.81355884  019.97928189
111  47.81365114  019.97929402
112  47.81386668  019.97931236  47.81391933  019.97931009
112  47.81404565  019.97926290  47.81409592  019.97923465
112  47.81413169  019.97907607  47.81412610  019.97897673
112  47.81399246  019.97860134  47.81398412  019.97857439
112  47.81399102  019.97851687  47.81399443  019.97850645
112  47.81402194  019.97846296  47.81404160  019.97844701
112  47.81429163  019.97823323  47.81430538  019.97821958
112  47.81431777  019.97818456  47.81432083  019.97817092
112  47.81431683  019.97811901  47.81430945  019.97809337
113  47.81419142  019.97775636
110 15 0.40 60.0000 New Taxiway 2
111  47.81460947  019.97739634
112  47.81481825  019.97768575  47.81485018  019.97771986
112  47.81489389  019.97782391  47.81491162  019.97787905
111  47.81491463  019.97794931
111  47.81496992  019.97812569
111  47.81494228  019.97826539
111  47.81498291  019.97839708
112  47.81509902  019.97849134  47.81516033  019.97849509
112  47.81537529  019.97829318  47.81542721  019.97824656
112  47.81552747  019.97816475  47.81556641  019.97812950
112  47.81565795  019.97798861  47.81570499  019.97787229
112  47.81573553  019.97769540  47.81574366  019.97761973
112  47.81579160  019.97746824  47.81583225  019.97738046
112  47.81593087  019.97725582  47.81598601  019.97718477
112  47.81606506  019.97708581  47.81616959  019.97696495
112  47.81658169  019.97658272  47.81665473  019.97642761
112  47.81659963  019.97621148  47.81657934  019.97612889
112  47.81649618  019.97584859  47.81647589  019.97578816
113  47.81645759  019.97572790
130 Airport Boundary 13
111  47.81885394  019.97138597
111  47.81738146  019.97260566
111  47.81659158  019.97368014
111  47.81559692  019.97472559
111  47.81507033  019.97534995
111  47.81461815  019.97534383
111  47.81422194  019.97536070
111  47.81326629  019.97536447
111  47.81303225  019.97549516
111  47.81239840  019.97746989
111  47.81203759  019.97790549
111  47.81178405  019.97770221
111  47.81084790  019.97822493
111  47.81069187  019.97938654
111  47.81034081  019.97964790
111  47.80998001  019.98059171
111  47.81012628  019.98089663
111  47.81063336  019.98064979
111  47.81109169  019.98091115
111  47.81135498  019.98112895
111  47.81157926  019.98107087
111  47.81187181  019.98050459
111  47.81251542  019.97985118
111  47.81324678  019.97938654
111  47.81412443  019.97929942
111  47.81466076  019.97905258
111  47.81518735  019.97851534
111  47.81566518  019.97809425
111  47.81594797  019.97748441
111  47.81646481  019.97688908
111  47.81702065  019.97645348
111  47.81747897  019.97588720
111  47.81793730  019.97492887
111  47.81802506  019.97410123
111  47.81829810  019.97320098
111  47.81877593  019.97240238
113  47.81900997  019.97151665
14  47.81440322  019.97808910  65.62 0 Gyongyos_Pipishegy__ Tower
1300  47.81412831  019.97818327 241.11 tie_down props Ramp 1
1301 A general_aviation 
1300  47.81516250  019.97776997 240.25 tie_down props Ramp 2
1301 A general_aviation 
1300  47.81390227  019.97911764 -207.52 hangar props Hangar
1301 A none 
19  47.81369596  019.97876963 0 New Windsock 27
54 12490 info
99
