I
1100 Generated by WorldEditor 1.6.1r1

1    282 1 0 LHSS Szolnok - Szandaszõlõs
1302 city Szolnok
1302 country Hungary
1302 icao_code LHSS
1302 region_code LH
1302 state Jász-Nagykun-Szolnok
1302 transition_alt 1000
100 100.00 3 0 0.00 0 0 0 02  47.13807288  020.19562627    0    0 0 0 0 0 20  47.14775242  020.19893934    0    0 0 0 0 0
130 Airport Boundary 2
111  47.13722258  020.18012741
111  47.13569732  020.19215700
111  47.13349904  020.19147986
111  47.13316283  020.19386997
111  47.13534259  020.19459719
111  47.13504272  020.19700074
111  47.14596434  020.20052909
111  47.14767684  020.20134867
111  47.15179788  020.20188465
112  47.15198522  020.20123911  47.15212942  020.20094227
112  47.15248793  020.20049637  47.15256868  020.20036915
112  47.15284940  020.19908071  47.15283037  020.19829704
112  47.15231081  020.19624348  47.15209622  020.19559743
112  47.15115883  020.19336227  47.15041288  020.19191993
112  47.14770287  020.18918341  47.14638238  020.18786282
112  47.14514457  020.18621422  47.14473850  020.18543999
112  47.14424692  020.18399282  47.14401850  020.18314398
113  47.14388788  020.18227653
14  47.14691612  020.20055126  82.02 0 New Tower Viewpoint 44
1300  47.14673187  020.19985757 283.19 tie_down props Ramp 2
1301 A general_aviation 
1300  47.14693834  020.19991360 280.23 tie_down props Ramp 1
1301 A general_aviation 
19  47.14691627  020.20005650 0 New Windsock 45
54 13430 Szolnok TWR
99
