#debug
#Traffic for Budapest Bridges

#Megyeri hid
#L1E
highway	40	30
0	0	lib/cars/car_or_truck.obj
47.612881239 19.074082701
47.612876910 19.075559603
47.612820864 19.076144980
47.612740698 19.076720974
47.612633144 19.077285729
47.612365115 19.078405201
47.611173364 19.083110244
47.611006715 19.083708333
47.610842624 19.084254574
47.610657982 19.084835395
47.610460581 19.085425090
47.610266773 19.085964799
47.610062791 19.086508638
47.609845936 19.087044509
47.609629091 19.087562099
47.609393101 19.088097177
47.609158614 19.088598813
47.608922078 19.089086791
47.604923254 19.097061251
47.604345042 19.098208682

#L2E
highway	50	40
0	0	lib/cars/car.obj
47.612914652 19.074087744
47.612912565 19.075561795
47.612857242 19.076154821
47.612776866 19.076732364
47.612668360 19.077300025
47.612400038 19.078419092
47.611206720 19.083131317
47.611040577 19.083727423
47.610874602 19.084276740
47.610690650 19.084861943
47.610492322 19.085444105
47.610298169 19.085986011
47.610093867 19.086533005
47.609880925 19.087071809
47.609660084 19.087592528
47.609424595 19.088123894
47.609187426 19.088632300
47.608949492 19.089121379
47.604952483 19.097093768
47.604373782 19.098244095

#L1W
highway	40	30
0	0	lib/cars/car_or_truck.obj
47.604444795 19.098339780
47.605030671 19.097173990
47.609023383 19.089206377
47.609261678 19.088717780
47.609500871 19.088206539
47.609735734 19.087680126
47.609959079 19.087145421
47.610173935 19.086604812
47.610381586 19.086059753
47.610573597 19.085516213
47.610771056 19.084935600
47.610960524 19.084340117
47.611123188 19.083791756
47.611293228 19.083186148
47.612481481 19.078498108
47.612758306 19.077342418
47.612868535 19.076760857
47.612951621 19.076174898
47.613006735 19.075578472
47.613008455 19.074109884

#L2W
highway	50	40
0	0	lib/cars/car.obj
47.604417608 19.098305389
47.605000415 19.097144288
47.608994214 19.089178169
47.609232364 19.088683575
47.609471402 19.088175746
47.609707282 19.087645564
47.609929744 19.087114943
47.610144690 19.086575403
47.610350618 19.086031405
47.610541514 19.085489636
47.610739011 19.084906288
47.610926901 19.084313287
47.611092871 19.083766735
47.611260982 19.083162607
47.612451622 19.078451310
47.612725107 19.077321010
47.612832528 19.076751137
47.612914295 19.076169209
47.612970413 19.075577211
47.612970008 19.074101673