I
1100 Generated by WorldEditor 1.6.0r1

1    282 1 0 LHBC Bekescsaba
1302 city Békéscsaba
1302 country Hungary
1302 datum_lat 46.683333333
1302 datum_lon 21.1625
1302 faa_code 
1302 iata_code 
1302 icao_code LHBC
1302 region_code LH
1302 state Békés
1302 transition_alt 1500
1302 transition_level 
100 30.00 1 0 0.25 0 2 1 17L  46.68920506  021.16169314    0    0 3 7 0 1 35R  46.67755526  021.16331421    0    0 3 0 0 1
100 30.00 3 0 0.25 0 0 0 17C  46.68626206  021.16140915    0    0 0 0 0 0 35C  46.67982169  021.16231565    0    0 0 0 0 0
100 40.00 3 0 0.25 0 0 0 17R  46.68295707  021.15738606    0    0 1 0 0 0 35L  46.67587253  021.15836412    0    0 1 0 0 0
110 1 0.25 0.0000 Taxiway
111  46.67859452  021.16163976
111  46.67798145  021.16171794 102
111  46.67784721  021.16173506 102
111  46.67779979  021.16142257 102
111  46.67778115  021.16115785
111  46.67781161  021.16114664
111  46.67780295  021.16099828
111  46.67762847  021.16101801
111  46.67761730  021.16080660
111  46.67747051  021.16081733
111  46.67748033  021.16112571
111  46.67766831  021.16114696
112  46.67771157  021.16123367  46.67771816  021.16131494
111  46.67766895  021.16131446 102
112  46.67738826  021.16136993  46.67731164  021.16138631
111  46.67738826  021.16136993
112  46.67738826  021.16136993  46.67732157  021.16137933 102
112  46.67724876  021.16162343  46.67725619  021.16175787 102
112  46.67725765  021.16175995  46.67726617  021.16189082 102
112  46.67714438  021.16195541  46.67711154  021.16196072 102
111  46.67705022  021.16197052
111  46.67630023  021.16206474 102
112  46.67629941  021.16210587  46.67630039  021.16214507
111  46.67629941  021.16210587
112  46.67629941  021.16210587  46.67630123  021.16219831 102
112  46.67645233  021.16224316  46.67654133  021.16222316 102
112  46.67667603  021.16212052  46.67679165  021.16210393 102
111  46.67683398  021.16209486 102
111  46.67711211  021.16205761 102
112  46.67730998  021.16203465  46.67735742  021.16203359 102
111  46.67746898  021.16204718 102
112  46.67748854  021.16234241  46.67749808  021.16247295
111  46.67748854  021.16234241
112  46.67748854  021.16234241  46.67750632  021.16259729
111  46.67754255  021.16312158
111  46.67787521  021.16307873
112  46.67772835  021.16292747  46.67764390  021.16277997
111  46.67772835  021.16292747
112  46.67772835  021.16292747  46.67769815  021.16286833
112  46.67764593  021.16265478  46.67763968  021.16256756
111  46.67764593  021.16265478
112  46.67764593  021.16265478  46.67763984  021.16257643
112  46.67762657  021.16232189  46.67762195  021.16220218
111  46.67762657  021.16232189
112  46.67762657  021.16232189  46.67762341  021.16222771 102
112  46.67762844  021.16213082  46.67763553  021.16202574
111  46.67762844  021.16213082
112  46.67762844  021.16213082  46.67764103  021.16202099 102
112  46.67780681  021.16194282  46.67789441  021.16192597 102
113  46.67860645  021.16182853
112  46.67771524  021.16174725  46.67769447  021.16176023
111  46.67771524  021.16174725
112  46.67771524  021.16174725  46.67765316  021.16177959
112  46.67749447  021.16184831  46.67742494  021.16187328
111  46.67749447  021.16184831
112  46.67749447  021.16184831  46.67746293  021.16185964
112  46.67741599  021.16186649  46.67739069  021.16187062
111  46.67741599  021.16186649
112  46.67741599  021.16186649  46.67737974  021.16187102
112  46.67734684  021.16178541  46.67734301  021.16171815
111  46.67734684  021.16178541
112  46.67734684  021.16178541  46.67734171  021.16166434
112  46.67733819  021.16158687  46.67733129  021.16142322
111  46.67733819  021.16158687
112  46.67733819  021.16158687  46.67733636  021.16153717
112  46.67739771  021.16148245  46.67742986  021.16147369
112  46.67765051  021.16142969  46.67766895  021.16142753
112  46.67772552  021.16149470  46.67773917  021.16156997
111  46.67772552  021.16149470
112  46.67772552  021.16149470  46.67773273  021.16154266
112  46.67774980  021.16164795  46.67775628  021.16169133
111  46.67774980  021.16164795
114  46.67774980  021.16164795  46.67775582  021.16169929
110 3 0.25 170.0000 Taxiway
111  46.67826391  021.15829285
111  46.67813091  021.15831141
111  46.67842634  021.16120476
113  46.67856784  021.16118537
110 2 0.25 175.0000 Apron
111  46.67704725  021.16160473 102
111  46.67666708  021.16165971 102
111  46.67667145  021.16171622 102
111  46.67641353  021.16174584 102
111  46.67629234  021.16194637 102
111  46.67630023  021.16206474
111  46.67705022  021.16197052
111  46.67711154  021.16196072 102
113  46.67706212  021.16188173 102
110 2 0.25 175.0000 Apron
111  46.67859452  021.16163976 102
111  46.67856784  021.16118537 102
111  46.67795861  021.16125360 102
113  46.67798145  021.16171794
110 2 0.25 170.0000 Apron
111  46.67757960  021.16150450
111  46.67757260  021.16123640
111  46.67738340  021.16126970
113  46.67740088  021.16153797
110 1 0.25 170.0000 Apron
111  46.68289526  021.16276831
112  46.68300760  021.16288555  46.68305577  021.16296109
111  46.68307354  021.16304996
111  46.68323349  021.16303609
112  46.68328268  021.16284863  46.68331918  021.16275160
113  46.68337324  021.16270144
110 1 0.25 170.0000 Apron
111  46.67756878  021.16350674
111  46.67758137  021.16383520
111  46.67772599  021.16382027
112  46.67778483  021.16362418  46.67783301  021.16352077
113  46.67791829  021.16345795
110 1 0.25 170.0000 Apron
111  46.68888192  021.16193438
112  46.68902046  021.16206152  46.68909404  021.16218410
111  46.68910199  021.16223438
111  46.68923587  021.16221424
113  46.68921637  021.16188668
110 3 0.00 0.0000 New Taxiway 1
111  46.68661466  021.16185800
112  46.68656452  021.16169379  46.68651485  021.16161620
111  46.68644829  021.16162555
111  46.67949858  021.16258820
112  46.67942011  021.16258058  46.67939092  021.16256888
111  46.67934564  021.16253219
111  46.67884371  021.16210109
112  46.67873536  021.16197176  46.67870593  021.16192120
111  46.67869175  021.16181515
111  46.67865785  021.16127613
112  46.67861238  021.16103975  46.67857442  021.16091740
111  46.67852989  021.16081971
111  46.67856784  021.16118537
111  46.67860574  021.16182991
112  46.67868413  021.16203076  46.67874545  021.16212013
111  46.67881480  021.16217482
111  46.67931329  021.16260269
112  46.67940962  021.16266240  46.67944976  021.16267410
111  46.67950542  021.16267110
111  46.68644609  021.16169035
112  46.68653433  021.16173447  46.68657184  021.16178546
113  46.68657224  021.16186324
130 Airport Boundary 2
111  46.68940731  021.16468191
111  46.69078200  021.16309600
111  46.69397200  021.16267300
111  46.69306900  021.15912300
111  46.68575776  021.16009779
111  46.68258299  021.15202332
111  46.67476700  021.14942500
111  46.67393112  021.16124188
111  46.67410157  021.16172369
111  46.67349900  021.17157100
111  46.67449800  021.17324700
111  46.67679400  021.16938300
111  46.67941498  021.16765265
111  46.68173128  021.16647681
111  46.68412938  021.16591954
111  46.68748197  021.16687123
113  46.68710222  021.16498372
120 Centreline for Taxi
111  46.67803936  021.16324425 51
112  46.67771862  021.16305839  46.67756626  021.16285813
111  46.67771862  021.16305839
112  46.67771862  021.16305839  46.67762760  021.16292814 51
116  46.67757275  021.16264748  46.67756175  021.16252148
120 Centreline for Taxi
112  46.67851677  021.16152767  46.67850673  021.16136759 51
116  46.67837043  021.16131424  46.67830406  021.16132549
120 Centreline for Taxi
111  46.67757275  021.16264748 51
111  46.67754450  021.16211698 51
112  46.67755558  021.16201603  46.67756732  021.16197745 51
112  46.67760957  021.16191173  46.67763212  021.16189032 51
112  46.67771473  021.16185185  46.67775859  021.16183729 51
112  46.67779433  021.16166595  46.67778711  021.16158478 51
112  46.67777576  021.16148662  46.67776097  021.16135554 51
112  46.67760930  021.16137698  46.67751901  021.16139186 51
112  46.67743764  021.16140664  46.67734907  021.16142190 51
112  46.67729215  021.16161194  46.67729973  021.16175021 51
112  46.67730217  021.16178857  46.67730931  021.16192096 51
116  46.67718628  021.16199744  46.67711144  021.16201005
120 Centreline for Taxi
111  46.67660204  021.16208249 51
111  46.67680735  021.16205550 51
111  46.67691833  021.16204091 51
111  46.67708435  021.16201508 51
115  46.67718628  021.16199744
120 Centreline for Path
111  46.67680735  021.16205550 51
112  46.67671209  021.16197618  46.67666155  021.16189468 51
112  46.67658130  021.16186899  46.67652726  021.16187336 51
112  46.67642131  021.16188596  46.67637476  021.16189071 51
116  46.67632182  021.16204434  46.67632669  021.16217472
120 Centreline for Taxi
112  46.67660204  021.16208249  46.67656093  021.16208719 51
112  46.67651216  021.16215302  46.67648482  021.16219172 51
112  46.67643593  021.16221486  46.67640574  021.16221980 51
112  46.67634915  021.16216197  46.67632099  021.16211430 51
115  46.67632182  021.16204434
120 Centreline for Path
112  46.67837043  021.16131424  46.67829841  021.16132504 51
112  46.67819604  021.16146221  46.67814200  021.16156127 51
112  46.67810695  021.16162937  46.67805261  021.16173216 51
116  46.67793460  021.16182366  46.67786245  021.16183462
120 Centreline for Taxi
112  46.67851677  021.16152767  46.67852310  021.16166737 51
112  46.67845455  021.16174168  46.67842548  021.16176974 51
111  46.67837320  021.16177466 51
111  46.67793460  021.16182366 51
115  46.67771473  021.16185185
120 Centreline for Taxi
112  46.67754450  021.16211698  46.67753956  021.16202230 51
116  46.67743578  021.16195467  46.67737019  021.16196193
120 Centreline for Taxi
111  46.67718628  021.16199744 51
115  46.67743578  021.16195467
120 Centreline for Taxi join
111  46.67656570  021.16176294 51
112  46.67656822  021.16181036  46.67657055  021.16185516 51
116  46.67661396  021.16187115  46.67662968  021.16187466
120 Centreline for Taxi join
111  46.67677073  021.16173166 51
111  46.67677073  021.16173166 51
112  46.67678222  021.16191155  46.67678776  021.16198647 51
116  46.67691833  021.16204091  46.67700177  021.16203039
120 Centreline for Taxi join
111  46.67693746  021.16170064 51
112  46.67694895  021.16188053  46.67695449  021.16195545 51
116  46.67708435  021.16201508  46.67716779  021.16200456
120 Centreline for Taxi
112  46.67743578  021.16195467  46.67737224  021.16196193 51
116  46.67730217  021.16178857  46.67729571  021.16165149
120 Centreline for Taxi
112  46.67743578  021.16195467  46.67752000  021.16194260 51
116  46.67760957  021.16191173  46.67764674  021.16187689
120 Closed hold short
111  46.67762169  021.16231812 54
115  46.67748857  021.16233591
120 GA Ramp 1
111  46.67659030  021.16175993 51
111  46.67659030  021.16175993 51
111  46.67654065  021.16176588
115  46.67654065  021.16176588
120 GA Ramp 1
111  46.67679539  021.16172762 51
111  46.67679539  021.16172762 51
111  46.67674574  021.16173357
115  46.67674574  021.16173357
120 GA Ramp 1
111  46.67696212  021.16169659 51
115  46.67691247  021.16170255
120 GA Ramp 4
111  46.67816150  021.16159258 51
115  46.67811815  021.16154472
21  46.68001113  021.16350241 3 350.0000 3.00 35R
20  46.67713050  021.16210124 175.1962 0 3 {@Y}{^r}1
20  46.67711742  021.16192215 175.9308 0 3 {@Y}{^r}2
20  46.67655768  021.16214330 177.8000 0 3 {@Y}{^lu}{^r}{^rd}{^d}3
20  46.67770369  021.16245255 86.4800 0 5 {@L}A{@R}_35_
20  46.67740941  021.16248713 84.7939 0 3 {@R}_35_{@L}A
20  46.67740159  021.16262374 263.2400 0 5 {@Y}{^l}A3{@L}A{@Y}{^r}A2
20  46.67773800  021.16258565 263.6000 0 3 {@Y}{^l}A3{@L}A{@Y}{^r}A2
20  46.67584539  021.16170139 353.6794 0 4 {@Y}BEKESCSABA_AIRPORT
14  46.67686029  021.16132100  52.49 0 Bekescsaba Tower
1300  46.67693746  021.16170064 -94.96 tie_down jets|turboprops|props GA_Ramp_1
1301 A general_aviation 
1300  46.67677073  021.16173166 -93.94 tie_down jets|turboprops|props GA_Ramp_2
1301 A general_aviation 
1300  46.67656590  021.16176556 -95.13 tie_down jets|turboprops|props GA_Ramp_3
1301 A general_aviation 
1300  46.67814119  021.16156623 -229.48 tie_down jets|turboprops|props GA_Ramp_4
1301 A general_aviation 
19  46.67812643  021.16224792 1 Windsock
54 12325 Békéscsaba INFO
1200 
1201  46.67659268  021.16208432 both 0 TWY A3_stop
1201  46.67838570  021.16177348 both 1 GrassTWY_stop
1201  46.67860080  021.16174100 both 2 GrassTWY_stop
1201  46.67866282  021.16190289 both 3 GrassTWY_stop
1201  46.67878651  021.16210096 both 4 GrassTWY_stop
1201  46.67936110  021.16259346 both 5 GrassTWY_stop
1201  46.67948519  021.16263280 both 6 GrassTWY_stop
1201  46.68645456  021.16165748 both 7 GrassTWY_stop
1201  46.68655220  021.16171230 both 8 GrassTWY_stop
1201  46.68660087  021.16188841 both 9 GrassTWY_start
1201  46.67720957  021.16199106 both 10 TWY A5_start
1201  46.67730343  021.16182283 both 11 TWY A5_stop
1201  46.67729167  021.16163445 both 12 TWY A5_stop
1201  46.67730567  021.16149361 both 13 TWY A5_stop
1201  46.67739319  021.16142135 both 14 TWY A5_start
1201  46.67757749  021.16138619 both 15 TWY A4_stop
1201  46.67769209  021.16136576 both 16 TWY A4_stop
1201  46.67777072  021.16145053 both 17 TWY A4_stop
1201  46.67779764  021.16167815 both 18 TWY A4_stop
1201  46.67771944  021.16185089 both 19 TWY A4_stop
1201  46.67755584  021.16231013 both 20 TWY A1_stop
1201  46.67759515  021.16285993 both 21 TWY A1_stop
1201  46.67775997  021.16313988 both 22 TWY A1_start
1201  46.67743481  021.16195563 both 23 TWY A1_stop
1201  46.67761124  021.16191256 both 24 TWY A1_stop
1201  46.67754662  021.16211349 both 25 TWY A1_stop
1202 1 19 twoway taxiway_A TWY A2
1202 10 0 twoway taxiway_A TWY A3
1202 23 10 twoway taxiway_A TWY A3
1202 2 1 twoway taxiway_A GrassTWY
1202 3 2 twoway taxiway_A GrassTWY
1202 4 3 twoway taxiway_A GrassTWY
1202 5 4 twoway taxiway_A GrassTWY
1204 departure 17C,35C
1204 arrival 17C,35C
1202 6 5 twoway taxiway_A GrassTWY
1204 departure 17C,35C
1204 arrival 17C,35C
1202 7 6 twoway taxiway_A GrassTWY
1204 departure 17C,35C
1204 arrival 17C,35C
1202 8 7 twoway taxiway_A GrassTWY
1204 departure 17C,17L,35C,35R
1204 arrival 17C,17L,35C,35R
1202 9 8 twoway taxiway_A GrassTWY
1204 departure 17L,35R
1204 arrival 17L,35R
1202 10 11 twoway taxiway_A TWY A5
1202 11 23 twoway taxiway_A TWY A5
1202 12 11 twoway taxiway_A TWY A5
1202 13 12 twoway taxiway_A TWY A5
1202 14 13 twoway taxiway_A TWY A5
1202 16 15 twoway taxiway_A TWY A4
1202 17 16 twoway taxiway_A TWY A4
1202 18 17 twoway taxiway_A TWY A4
1202 19 18 twoway taxiway_A TWY A4
1202 24 19 twoway taxiway_A TWY A4
1202 21 20 twoway taxiway_A TWY A1
1204 departure 17L,35R
1204 arrival 17L,35R
1202 22 21 twoway taxiway_A TWY A1
1204 departure 17L,35R
1204 arrival 17L,35R
1202 25 23 twoway taxiway_A TWY A1
1202 25 24 twoway taxiway_A TWY A1
1202 20 25 twoway taxiway_A TWY A1
99
