###### Traffic for Budapest Bridges  ######

#####  BRIDGES  ######

#Lanchid
	#L1E
	highway	40	30
	0	0	lib/cars/car.obj
	47.498372724 19.040581686
	47.499552867 19.046675001

	#L1W
	highway	40	30
	0	0	lib/cars/car.obj
	47.499580754 19.046662300
	47.498400611 19.040568985


	#Erzsebet hid
	#L1E
	highway	40	30
	0	0	lib/cars/car_or_truck.obj
	47.490117898 19.047219508
	47.491564575 19.051246671

	#L2E
	highway	45	40
	0	0	lib/cars/car.obj
	47.490140988 19.047199115
	47.491587665 19.051226278

	#L3E
	highway	50	50
	0	0	lib/cars/car.obj
	47.490164674 19.047177290
	47.491611351 19.051204453

	#L1W
	highway	40	30
	0	0	lib/cars/car_or_truck.obj
	47.491689931 19.051136147
	47.490243254 19.047108984

	#L2W
	highway	45	40
	0	0	lib/cars/car.obj
	47.491666710 19.051163475
	47.490220033 19.047136312

	#L3W
	highway	50	50
	0	0	lib/cars/car.obj
	47.491640847 19.051182230
	47.490194170 19.047155067


#Margit hid
	#L1E
	highway	40	30
	0	0	lib/cars/car_or_truck.obj
	47.514606692 19.040124428
	47.514685130 19.043445860
	47.513718100 19.046194570

	#L2E
	highway	50	40
	0	0	lib/cars/car.obj
	47.514626771 19.040120998
	47.514707654 19.043463328
	47.513740624 19.046212038

	#L1W
	highway	40	30
	0	0	lib/cars/car_or_truck.obj
	47.513836847 19.046303325
	47.514818088 19.043516335
	47.514742920 19.040114412

	#L2W
	highway	50	40
	0	0	lib/cars/car.obj
	47.513820166 19.046285214
	47.514795165 19.043516335
	47.514721851 19.040114412

#Arpad hid
	#L1E
	highway	40	30
	0	0	lib/cars/car_or_truck.obj
	47.539479013 19.045075154
	47.536156421 19.058945817

	#L2E
	highway	45	40
	0	0	lib/cars/car.obj
	47.539519470 19.045100923
	47.536196106 19.058970442

	#L3E
	highway	50	50
	0	0	lib/cars/car.obj
	47.539558855 19.045128376
	47.536235491 19.058997895

	#L1W
	highway	40	30
	0	0	lib/cars/car_or_truck.obj
	47.536430870 19.059097415
	47.539754234 19.045227896

	#L2W
	highway	45	40
	0	0	lib/cars/car.obj
	47.536383763 19.059075680
	47.539707127 19.045206161

	#L3W
	highway	50	50
	0	0	lib/cars/car.obj
	47.536346695 19.059048227
	47.539670059 19.045178708

#Szabadsag hid
	#L1E
	highway	40	30
	0	0	lib/cars/car.obj
	47.484685586 19.052959406
	47.486643223 19.056757492

	#L1W
	highway	40	30
	0	0	lib/cars/car.obj
	47.486705432 19.056676546
	47.484747795 19.052878460

#Petofi hid
	#L1E
	highway	40	30
	0	0	lib/cars/car_or_truck.obj
	47.477458892 19.060657208
	47.480085955 19.066210500

	#L2E
	highway	45	40
	0	0	lib/cars/car.obj
	47.477483357 19.060624301
	47.480110420 19.066177593

	#L1W
	highway	40	30
	0	0	lib/cars/car_or_truck.obj
	47.480188674  19.066093614
	47.477561612  19.060540322

	#L2W
	highway	45	40
	0	0	lib/cars/car.obj
	47.480163190 19.066123321
	47.477536127 19.060570029

#Megyeri hid
	#L1E
	highway	40	30
	0	0	lib/cars/car_or_truck.obj
	47.612881239 19.074082701
	47.612876910 19.075559603
	47.612820864 19.076144980
	47.612740698 19.076720974
	47.612633144 19.077285729
	47.612365115 19.078405201
	47.611173364 19.083110244
	47.611006715 19.083708333
	47.610842624 19.084254574
	47.610657982 19.084835395
	47.610460581 19.085425090
	47.610266773 19.085964799
	47.610062791 19.086508638
	47.609845936 19.087044509
	47.609629091 19.087562099
	47.609393101 19.088097177
	47.609158614 19.088598813
	47.608922078 19.089086791
	47.604923254 19.097061251
	47.604345042 19.098208682

	#L2E
	highway	50	40
	0	0	lib/cars/car.obj
	47.612914652 19.074087744
	47.612912565 19.075561795
	47.612857242 19.076154821
	47.612776866 19.076732364
	47.612668360 19.077300025
	47.612400038 19.078419092
	47.611206720 19.083131317
	47.611040577 19.083727423
	47.610874602 19.084276740
	47.610690650 19.084861943
	47.610492322 19.085444105
	47.610298169 19.085986011
	47.610093867 19.086533005
	47.609880925 19.087071809
	47.609660084 19.087592528
	47.609424595 19.088123894
	47.609187426 19.088632300
	47.608949492 19.089121379
	47.604952483 19.097093768
	47.604373782 19.098244095

	#L1W
	highway	40	30
	0	0	lib/cars/car_or_truck.obj
	47.604444795 19.098339780
	47.605030671 19.097173990
	47.609023383 19.089206377
	47.609261678 19.088717780
	47.609500871 19.088206539
	47.609735734 19.087680126
	47.609959079 19.087145421
	47.610173935 19.086604812
	47.610381586 19.086059753
	47.610573597 19.085516213
	47.610771056 19.084935600
	47.610960524 19.084340117
	47.611123188 19.083791756
	47.611293228 19.083186148
	47.612481481 19.078498108
	47.612758306 19.077342418
	47.612868535 19.076760857
	47.612951621 19.076174898
	47.613006735 19.075578472
	47.613008455 19.074109884

	#L2W
	highway	50	40
	0	0	lib/cars/car.obj
	47.604417608 19.098305389
	47.605000415 19.097144288
	47.608994214 19.089178169
	47.609232364 19.088683575
	47.609471402 19.088175746
	47.609707282 19.087645564
	47.609929744 19.087114943
	47.610144690 19.086575403
	47.610350618 19.086031405
	47.610541514 19.085489636
	47.610739011 19.084906288
	47.610926901 19.084313287
	47.611092871 19.083766735
	47.611260982 19.083162607
	47.612451622 19.078451310
	47.612725107 19.077321010
	47.612832528 19.076751137
	47.612914295 19.076169209
	47.612970413 19.075577211
	47.612970008 19.074101673


#Lagymanyosi hid
	#L1E
	highway	40	30
	0	0	lib/cars/car_or_truck.obj
	47.468744212 19.063667703
	47.468542492 19.070981969

	#L2E
	highway	45	40
	0	0	lib/cars/car.obj
	47.468779581 19.063668541
	47.468575699 19.070985396
	 
	#L1W
	highway	40	30
	0	0	lib/cars/car_or_truck.obj
	47.468729377 19.071001389
	47.468935711 19.063697164

	#L2W
	highway	45	40
	0	0	lib/cars/car.obj
	47.468696942 19.070995677
	47.468902350 19.063692229
	
######  TRAM LINE  ######

#Tram definitions
#Combino-1
	train	combino_1
	0	0	0 	objects/vehicles/Combino1_ACTIVE.obj
	9.6	0	0 	objects/vehicles/Combino2_ACTIVE.obj
	19.2	0	0 	objects/vehicles/Combino3_ACTIVE.obj
	28.9	0	0 	objects/vehicles/Combino4_ACTIVE.obj
	38.6	0	0 	objects/vehicles/Combino5_ACTIVE.obj
	48.3	0	0 	objects/vehicles/Combino6_ACTIVE.obj

#Tatra-1
	train	tatra_1
	0	0	0 	objects/Tatra1_ACTIVE.obj
	5.3	0	0 	objects/Tatra2_ACTIVE.obj
	10.7	0	0 	objects/Tatra3_ACTIVE.obj


#Tram routes
#Nagykorut
	route	40	0	0	combino_1
	47.477522086 19.048252139
	47.477231817 19.049233902
	47.476697846 19.051125966
	47.476146173 19.053139168
	47.475680613 19.054722936
	47.475457041 19.055403412
	47.475378131 19.055816355
	47.475390377 19.056239364
	47.475430468 19.056425329
	47.475647952 19.056829689
	47.475963756 19.057513096
	47.476561341 19.058750649
	47.476883294 19.059403117
	pause 20
	47.477543813 19.060831529
	47.480147598 19.066218681
	47.480603122 19.067147804
	47.480980030 19.067649414
	pause 20
	47.481243950 19.067921083
	47.481697968 19.068205631
	47.482035986 19.068403931
	47.482814448 19.068760693
	47.484580600 19.069460621
	47.485543866 19.069849207

	route	40	0	0	combino_1
	47.485552361 19.069810044
	47.484588324 19.069423973
	47.483473808 19.068999225
	47.482822442 19.068723582
	47.482044766 19.068368633
	47.481706970 19.068165958
	47.481257808 19.067887654
	47.480997584 19.067617978
	47.480623455 19.067121806
	pause 20
	47.480169376 19.066195301
	47.477565148 19.060809657
	47.476906004 19.059383154
	47.476583525 19.058727673
	pause 20
	47.475985589 19.057489144
	47.475669477 19.056807490
	47.475457015 19.056408618
	47.475417472 19.056229617
	47.475405012 19.055821958
	47.475481153 19.055420515
	47.475705730 19.054740801
	47.476171567 19.053152033
	47.476722598 19.051140107
	47.477256714 19.049249151
	47.477546936 19.048268569
